# Blender3D v248 OBJ File: hero_robot_weapons.blend
# www.blender3d.org
mtllib player.mtl
armature Armature
armmat: 1.000000 0.000000 0.000000 0.000000
armmat: 0.000000 0.000000 1.000000 0.000000
armmat: 0.000000 -1.000000 0.000000 0.000000
armmat: 0.000000 0.000000 0.000000 1.000000
bonecount 54
bone: thumb.l
parent: thumbbase.l
childcount 1
child: thumbtip.l
m: -0.819986 -0.572383 -0.000000 0.000000
m: 0.572383 -0.819986 0.000000 0.000000
m: -0.000000 -0.000000 1.000000 0.000000
m: 4.036482 -0.200319 1.650478 1.000000
bone: finger.r.003
parent: fingerbas.r.003
childcount 1
child: fingertip.r.003
m: 0.011477 0.999934 0.000000 0.000000
m: -0.999934 0.011477 0.000000 0.000000
m: 0.000000 -0.000000 1.000000 0.000000
m: -4.466142 0.317488 1.740033 1.000000
bone: abs
parent: Bone
childcount 1
child: chest
m: -0.999980 -0.001402 0.006151 0.000000
m: 0.006279 -0.125578 0.992064 0.000000
m: -0.000618 0.992083 0.125584 0.000000
m: 0.000000 0.188189 -0.096948 1.000000
bone: thumbbase.l
parent: hand.l
childcount 1
child: thumb.l
m: -0.889078 -0.457755 0.000000 0.000000
m: 0.457755 -0.889079 0.000000 0.000000
m: 0.000000 0.000000 1.000000 0.000000
m: 3.978088 -0.086902 1.650478 1.000000
bone: hand.l
parent: wrist.l
childcount 6
child: fingerbas.l
child: fingerbas.l.001
child: fingerbas.l.002
child: fingerbas.l.003
child: thumbbase.l
child: item.l
m: -0.002805 -0.999480 0.032119 0.000000
m: 0.996186 0.000008 0.087255 0.000000
m: -0.087210 0.032242 0.995668 0.000000
m: 3.897349 0.138470 1.704580 1.000000
bone: pad.r
parent: shoulder.r
m: -0.450747 -0.694633 -0.560635 0.000000
m: -0.779348 -0.000000 0.626592 0.000000
m: -0.435251 0.719365 -0.541360 0.000000
m: -1.139402 0.138446 1.661719 1.000000
bone: finger.r.002
parent: fingerbas.r.002
childcount 1
child: fingertip.r.002
m: -0.000003 1.000000 0.000000 0.000000
m: -1.000000 -0.000003 0.000000 0.000000
m: 0.000000 0.000000 1.000000 0.000000
m: -4.495320 0.208874 1.740033 1.000000
bone: thumbtip.r
parent: thumb.r
m: -0.684686 0.728838 0.000000 0.000000
m: -0.728838 -0.684686 -0.000000 0.000000
m: -0.000000 -0.000000 1.000000 0.000000
m: -4.091755 -0.279546 1.650495 1.000000
bone: pelvis
parent: Bone
childcount 2
child: thigh.l
child: thigh.r
m: -1.000000 0.000000 -0.000000 0.000000
m: 0.000000 -0.328932 -0.944354 0.000000
m: -0.000000 -0.944354 0.328932 0.000000
m: 0.000000 0.188189 -0.096948 1.000000
bone: thumbbase.r
parent: hand.r
childcount 1
child: thumb.r
m: -0.889094 0.457724 0.000001 0.000000
m: -0.457724 -0.889094 -0.000000 0.000000
m: 0.000001 -0.000000 1.000000 0.000000
m: -3.978083 -0.086930 1.650495 1.000000
bone: hand.r
parent: wrist.r
childcount 6
child: fingerbas.r
child: fingerbas.r.001
child: fingerbas.r.002
child: fingerbas.r.003
child: thumbbase.r
child: item.r
m: -0.002808 -0.999480 -0.032115 0.000000
m: -0.996186 -0.000005 0.087260 0.000000
m: -0.087214 0.032238 -0.995668 0.000000
m: -3.897344 0.138441 1.704597 1.000000
bone: thumb.r
parent: thumbbase.r
childcount 1
child: thumbtip.r
m: -0.819989 0.572379 -0.000000 0.000000
m: -0.572379 -0.819989 -0.000000 0.000000
m: -0.000000 0.000000 1.000000 0.000000
m: -4.036472 -0.200348 1.650495 1.000000
bone: fingerbas.r.003
parent: hand.r
childcount 1
child: finger.r.003
m: -0.011555 0.999933 0.000001 0.000000
m: -0.999933 -0.011555 0.000001 0.000000
m: 0.000001 -0.000001 1.000000 0.000000
m: -4.304725 0.319353 1.740033 1.000000
bone: shoulder.l
parent: chest
childcount 2
child: arm.l
child: pad.l
m: -0.095509 -0.988661 -0.115879 0.000000
m: 0.989219 -0.081287 -0.121808 0.000000
m: 0.111008 -0.126263 0.985766 0.000000
m: 0.187132 0.216698 1.778977 1.000000
bone: fingertip.l
parent: finger.l
m: 0.000013 -1.000000 0.000000 0.000000
m: 1.000000 0.000013 0.000000 0.000000
m: 0.000000 0.000000 1.000000 0.000000
m: 4.626799 -0.042357 1.740014 1.000000
bone: arm.r
parent: shoulder.r
childcount 1
child: wrist.r
m: -0.001690 -0.998123 -0.061216 0.000000
m: -0.999619 -0.000001 0.027614 0.000000
m: -0.027562 0.061239 -0.997742 0.000000
m: -1.139402 0.138446 1.661719 1.000000
bone: fingertip.l.003
parent: finger.l.003
m: -0.019710 -0.999806 0.000000 0.000000
m: 0.999806 -0.019710 0.000000 0.000000
m: -0.000000 0.000000 1.000000 0.000000
m: 4.607342 0.319147 1.740014 1.000000
bone: thumbtip.l
parent: thumb.l
m: -0.684679 -0.728845 0.000000 0.000000
m: 0.728845 -0.684679 0.000000 0.000000
m: -0.000000 0.000000 1.000000 0.000000
m: 4.091765 -0.279516 1.650478 1.000000
bone: fingertip.l.001
parent: finger.l.001
m: 0.000011 -1.000000 0.000000 0.000000
m: 1.000000 0.000011 0.000000 0.000000
m: -0.000000 0.000000 1.000000 0.000000
m: 4.636524 0.072741 1.740014 1.000000
bone: pad.l
parent: shoulder.l
m: -0.336891 -0.843157 0.419036 0.000000
m: 0.779353 0.000006 0.626586 0.000000
m: -0.528312 0.537668 0.657114 0.000000
m: 1.139402 0.138448 1.661718 1.000000
bone: chest
parent: abs
childcount 3
child: shoulder.l
child: neck
child: shoulder.r
m: -0.999981 0.000172 -0.006199 0.000000
m: -0.006100 0.152509 0.988283 0.000000
m: 0.001115 0.988302 -0.152505 0.000000
m: 0.005703 0.074133 0.804090 1.000000
bone: fingertip.l.002
parent: finger.l.002
m: 0.000011 -1.000000 0.000000 0.000000
m: 1.000000 0.000011 0.000000 0.000000
m: -0.000000 0.000000 1.000000 0.000000
m: 4.628416 0.208913 1.740014 1.000000
bone: arm.l
parent: shoulder.l
childcount 1
child: wrist.l
m: -0.000437 -0.999870 0.016121 0.000000
m: 0.999619 0.000008 0.027607 0.000000
m: -0.027604 0.016127 0.999489 0.000000
m: 1.139402 0.138448 1.661718 1.000000
bone: fingerbas.l.001
parent: hand.l
childcount 1
child: finger.l.001
m: -0.010681 -0.999943 -0.000000 0.000000
m: 0.999943 -0.010681 0.000000 0.000000
m: -0.000000 -0.000000 1.000000 0.000000
m: 4.325804 0.074602 1.740014 1.000000
bone: fingerbas.l.002
parent: hand.l
childcount 1
child: finger.l.002
m: -0.010781 -0.999942 -0.000000 0.000000
m: 0.999942 -0.010781 0.000000 0.000000
m: -0.000000 -0.000000 1.000000 0.000000
m: 4.322559 0.210774 1.740014 1.000000
bone: fingerbas.l.003
parent: hand.l
childcount 1
child: finger.l.003
m: -0.011540 -0.999933 -0.000000 0.000000
m: 0.999933 -0.011540 0.000000 0.000000
m: -0.000000 -0.000000 1.000000 0.000000
m: 4.304728 0.319387 1.740014 1.000000
bone: finger.l
parent: fingerbas.l
childcount 1
child: fingertip.l
m: 0.000013 -1.000000 0.000000 0.000000
m: 1.000000 0.000013 0.000000 0.000000
m: 0.000000 0.000000 1.000000 0.000000
m: 4.488844 -0.042359 1.740014 1.000000
bone: head
parent: neck
m: -1.000000 0.000000 0.000001 0.000000
m: -0.000000 -0.999991 0.004340 0.000000
m: 0.000001 0.004340 0.999991 0.000000
m: 0.000000 0.243817 2.127355 1.000000
bone: foot.l
parent: shin.l
m: -1.000000 -0.000001 -0.000001 0.000000
m: 0.000001 -0.926036 -0.377436 0.000000
m: -0.000001 -0.377436 0.926036 0.000000
m: 0.885543 0.296666 -4.693168 1.000000
bone: finger.l.003
parent: fingerbas.l.003
childcount 1
child: fingertip.l.003
m: 0.011493 -0.999934 0.000000 0.000000
m: 0.999934 0.011493 0.000000 0.000000
m: -0.000000 -0.000000 1.000000 0.000000
m: 4.466145 0.317524 1.740014 1.000000
bone: finger.l.002
parent: fingerbas.l.002
childcount 1
child: fingertip.l.002
m: 0.000011 -1.000000 0.000000 0.000000
m: 1.000000 0.000011 0.000000 0.000000
m: -0.000000 0.000000 1.000000 0.000000
m: 4.495325 0.208911 1.740014 1.000000
bone: finger.l.001
parent: fingerbas.l.001
childcount 1
child: fingertip.l.001
m: 0.000011 -1.000000 0.000000 0.000000
m: 1.000000 0.000011 0.000000 0.000000
m: -0.000000 0.000000 1.000000 0.000000
m: 4.500190 0.072739 1.740014 1.000000
bone: fingerbas.r
parent: hand.r
childcount 1
child: finger.r
m: -0.010577 0.999944 0.000032 0.000000
m: -0.999944 -0.010577 0.000032 0.000000
m: 0.000032 -0.000032 1.000000 0.000000
m: -4.311206 -0.040516 1.740027 1.000000
bone: fingertip.r
parent: finger.r
m: -0.000005 1.000000 0.000000 0.000000
m: -1.000000 -0.000005 0.000000 0.000000
m: 0.000000 -0.000000 1.000000 0.000000
m: -4.626790 -0.042396 1.740033 1.000000
bone: fingerbas.l
parent: hand.l
childcount 1
child: finger.l
m: -0.010487 -0.999945 -0.000000 0.000000
m: 0.999945 -0.010487 0.000000 0.000000
m: 0.000000 -0.000000 1.000000 0.000000
m: 4.311215 -0.040496 1.740014 1.000000
bone: finger.r.001
parent: fingerbas.r.001
childcount 1
child: fingertip.r.001
m: -0.000003 1.000000 0.000000 0.000000
m: -1.000000 -0.000003 0.000000 0.000000
m: 0.000000 -0.000000 1.000000 0.000000
m: -4.500183 0.072702 1.740033 1.000000
bone: fingertip.r.002
parent: finger.r.002
m: -0.000003 1.000000 0.000000 0.000000
m: -1.000000 -0.000003 0.000000 0.000000
m: 0.000000 -0.000000 1.000000 0.000000
m: -4.628411 0.208874 1.740033 1.000000
bone: fingertip.r.001
parent: finger.r.001
m: -0.000003 1.000000 0.000000 0.000000
m: -1.000000 -0.000003 0.000000 0.000000
m: 0.000000 -0.000000 1.000000 0.000000
m: -4.636517 0.072702 1.740033 1.000000
bone: item.l
parent: hand.l
m: -0.996153 -0.087633 0.000000 0.000000
m: 0.087633 -0.996153 0.000000 0.000000
m: 0.000000 0.000000 1.000000 0.000000
m: 4.163936 0.145929 1.740014 1.000000
bone: foot.r
parent: shin.r
m: -1.000000 -0.000002 -0.000002 0.000000
m: 0.000003 -0.926037 -0.377433 0.000000
m: -0.000001 -0.377432 0.926037 0.000000
m: -0.885541 0.296657 -4.693161 1.000000
bone: shoulder.r
parent: chest
childcount 2
child: arm.r
child: pad.r
m: -0.113574 -0.099221 0.988563 0.000000
m: -0.989219 -0.081288 -0.121809 0.000000
m: 0.092445 -0.991740 -0.088919 0.000000
m: -0.187132 0.216698 1.778978 1.000000
bone: Bone
childcount 2
child: abs
child: pelvis
m: 1.000000 -0.000000 0.000000 0.000000
m: 0.000000 -0.998149 -0.060820 0.000000
m: 0.000000 0.060820 -0.998149 0.000000
m: -0.000000 1.404899 -0.022811 1.000000
bone: finger.r
parent: fingerbas.r
childcount 1
child: fingertip.r
m: -0.000005 1.000000 0.000000 0.000000
m: -1.000000 -0.000005 0.000000 0.000000
m: 0.000000 0.000000 1.000000 0.000000
m: -4.488835 -0.042395 1.740033 1.000000
bone: shin.l
parent: thigh.l
childcount 1
child: foot.l
m: -0.999978 -0.004461 -0.004932 0.000000
m: 0.004442 0.103753 -0.994593 0.000000
m: 0.004948 -0.994593 -0.103731 0.000000
m: 0.875564 0.063600 -2.458961 1.000000
bone: thigh.l
parent: pelvis
childcount 1
child: shin.l
m: -0.705316 -0.686826 -0.175495 0.000000
m: 0.248292 -0.007468 -0.968657 0.000000
m: 0.663988 -0.726783 0.175801 0.000000
m: 0.439405 0.076718 -0.757379 1.000000
bone: wrist.r
parent: arm.r
childcount 1
child: hand.r
m: 0.000066 -0.999855 0.017049 0.000000
m: -0.999993 -0.000003 0.003706 0.000000
m: -0.003705 -0.017049 -0.999848 0.000000
m: -2.504765 0.138445 1.699437 1.000000
bone: fingerbas.r.002
parent: hand.r
childcount 1
child: finger.r.002
m: -0.010797 0.999942 0.000001 0.000000
m: -0.999942 -0.010797 0.000001 0.000000
m: 0.000001 -0.000001 1.000000 0.000000
m: -4.322555 0.210740 1.740032 1.000000
bone: neck
parent: chest
childcount 1
child: head
m: -1.000000 0.000000 0.000000 0.000000
m: 0.000000 0.067741 0.997703 0.000000
m: 0.000000 0.997703 -0.067741 0.000000
m: 0.000000 0.216699 1.727942 1.000000
bone: fingerbas.r.001
parent: hand.r
childcount 1
child: finger.r.001
m: -0.010697 0.999943 0.000001 0.000000
m: -0.999943 -0.010697 0.000001 0.000000
m: 0.000001 -0.000001 1.000000 0.000000
m: -4.325797 0.074568 1.740032 1.000000
bone: item.r
parent: hand.r
m: -0.996153 0.087633 0.000000 0.000000
m: -0.087633 -0.996153 -0.000000 0.000000
m: 0.000000 -0.000000 1.000000 0.000000
m: -4.163928 0.145910 1.740026 1.000000
bone: fingertip.r.003
parent: finger.r.003
m: -0.019725 0.999806 0.000000 0.000000
m: -0.999805 -0.019725 0.000000 0.000000
m: 0.000000 0.000000 1.000000 0.000000
m: -4.607339 0.319109 1.740033 1.000000
bone: wrist.l
parent: arm.l
childcount 1
child: hand.l
m: 0.000070 -0.999858 -0.016875 0.000000
m: 0.999993 0.000008 0.003700 0.000000
m: -0.003700 -0.016875 0.999851 0.000000
m: 2.504771 0.138459 1.699427 1.000000
bone: shin.r
parent: thigh.r
childcount 1
child: foot.r
m: -0.999978 -0.005384 0.003902 0.000000
m: -0.004439 0.103752 -0.994593 0.000000
m: 0.004950 -0.994589 -0.103773 0.000000
m: -0.875569 0.063594 -2.458957 1.000000
bone: thigh.r
parent: pelvis
childcount 1
child: shin.r
m: -0.705316 -0.684038 0.186067 0.000000
m: -0.248293 -0.007470 -0.968656 0.000000
m: 0.663988 -0.729408 -0.164574 0.000000
m: -0.439407 0.076716 -0.757378 1.000000


framecount 72
frame: 1
posebone: thumb.l
lm: 0.948482 0.280326 -0.147660 0.000000
lm: 0.252639 -0.387893 0.886406 0.000000
lm: 0.191206 -0.878042 -0.438731 0.000000
lm: -0.778970 -0.315917 1.604910 1.000000
scale: 1.000000 1.000000 1.000000
posebone: finger.r.003
lm: -0.869397 0.444569 -0.215654 0.000000
lm: 0.442801 0.894661 0.059210 0.000000
lm: 0.219260 -0.044015 -0.974672 0.000000
lm: -8.012945 2.590940 0.634951 1.000000
scale: 1.000000 1.000000 1.000000
posebone: abs
lm: 0.995656 -0.093106 0.000046 0.000000
lm: 0.093106 0.995656 -0.000428 0.000000
lm: -0.000006 0.000430 1.000000 0.000000
lm: -0.017522 0.000816 0.161295 1.000000
scale: 1.000000 1.000000 1.000000
posebone: thumbbase.l
lm: 0.902635 0.170570 -0.395171 0.000000
lm: 0.411325 -0.071472 0.908684 0.000000
lm: 0.126751 -0.982751 -0.134672 0.000000
lm: -0.455739 0.363315 2.106602 1.000000
scale: 1.000000 1.000000 1.000000
posebone: hand.l
lm: 0.773010 -0.302355 -0.557710 0.000000
lm: 0.345896 0.937826 -0.029004 0.000000
lm: 0.531804 -0.170490 0.829531 0.000000
lm: -0.614297 0.991745 1.080316 1.000000
scale: 1.000000 1.000000 1.000001
posebone: pad.r
lm: 0.992657 -0.087307 0.083725 0.000000
lm: 0.072009 0.982647 0.170937 0.000000
lm: -0.097196 -0.163654 0.981718 0.000000
lm: 0.142532 0.284039 0.271548 1.000000
scale: 1.000000 1.000000 1.000000
posebone: finger.r.002
lm: -0.920319 0.246538 -0.303696 0.000000
lm: 0.235293 0.969126 0.073700 0.000000
lm: 0.312488 -0.003629 -0.949914 0.000000
lm: -8.338820 1.627788 0.176425 1.000000
scale: 1.000000 1.000000 1.000000
posebone: thumbtip.r
lm: 0.766606 -0.639885 0.053487 0.000000
lm: -0.484863 -0.522244 0.701545 0.000000
lm: -0.420977 -0.563743 -0.710613 0.000000
lm: 0.308094 -1.309149 1.555339 1.000000
scale: 1.000000 1.000000 1.000000
posebone: pelvis
lm: 0.992905 -0.118808 0.005022 0.000000
lm: 0.118808 0.992917 0.000299 0.000000
lm: -0.005022 0.000299 0.999987 0.000000
lm: -0.022845 0.001318 0.161157 1.000000
scale: 1.000000 1.000000 1.000000
posebone: thumbbase.r
lm: 0.723913 -0.517046 0.456741 0.000000
lm: -0.561159 -0.056195 0.825796 0.000000
lm: -0.401309 -0.854110 -0.330826 0.000000
lm: 0.091407 -0.228006 2.594518 1.000000
scale: 1.000000 1.000000 1.000000
posebone: hand.r
lm: 0.802021 -0.059502 0.594324 0.000000
lm: 0.050156 0.998219 0.032255 0.000000
lm: -0.595185 0.003940 0.803577 0.000000
lm: 0.775263 0.267596 1.200525 1.000000
scale: 1.000000 1.000000 1.000000
posebone: thumb.r
lm: 0.795837 -0.581331 0.169404 0.000000
lm: -0.462454 -0.402945 0.789791 0.000000
lm: -0.390870 -0.706886 -0.589518 0.000000
lm: 0.384271 -0.799952 1.854446 1.000000
scale: 1.000000 1.000000 1.000000
posebone: fingerbas.r.003
lm: -0.553966 0.215038 0.804287 0.000000
lm: 0.304132 0.951568 -0.044939 0.000000
lm: -0.775000 0.219715 -0.592538 0.000000
lm: -4.830114 1.088856 4.558294 1.000000
scale: 1.000000 1.000000 1.000000
posebone: shoulder.l
lm: 0.995523 -0.093253 0.015446 0.000000
lm: 0.093184 0.995636 0.005144 0.000000
lm: -0.015858 -0.003681 0.999868 0.000000
lm: 0.010687 0.008163 0.157442 1.000000
scale: 1.000000 1.000000 1.000000
posebone: fingertip.l
lm: -0.716510 0.335069 0.611837 0.000000
lm: 0.406004 0.913536 -0.024830 0.000000
lm: -0.567253 0.230616 -0.790596 0.000000
lm: 7.765679 -2.491920 -1.532616 1.000000
scale: 1.000001 1.000000 1.000000
posebone: arm.r
lm: 0.787996 -0.230183 0.571034 0.000000
lm: 0.180496 0.973099 0.143180 0.000000
lm: -0.588631 -0.009756 0.808344 0.000000
lm: 0.710948 -0.133166 1.118732 1.000000
scale: 1.000000 1.000000 1.000000
posebone: fingertip.l.003
lm: -0.781133 0.090212 0.617815 0.000000
lm: 0.066087 0.995897 -0.061863 0.000000
lm: -0.620859 -0.007494 -0.783889 0.000000
lm: 8.214930 -1.015915 -1.528216 1.000000
scale: 1.000000 1.000000 1.000000
posebone: thumbtip.l
lm: 0.918291 0.387897 -0.079250 0.000000
lm: 0.286795 -0.513743 0.808591 0.000000
lm: 0.272936 -0.765249 -0.583013 0.000000
lm: -0.780783 -0.977414 1.541376 1.000000
scale: 1.000000 1.000000 1.000000
posebone: fingertip.l.001
lm: -0.689803 0.306862 0.655752 0.000000
lm: 0.383599 0.923063 -0.028434 0.000000
lm: -0.614025 0.231932 -0.754444 0.000000
lm: 7.716439 -2.365750 -1.798978 1.000000
scale: 1.000000 1.000000 1.000000
posebone: pad.l
lm: 0.987819 -0.134599 -0.078083 0.000000
lm: 0.139949 0.987846 0.067632 0.000000
lm: 0.068030 -0.077736 0.994651 0.000000
lm: -0.126410 0.179408 0.264026 1.000000
scale: 1.000000 1.000000 1.000000
posebone: chest
lm: 0.995657 -0.093106 0.000046 0.000000
lm: 0.093106 0.995656 -0.000428 0.000000
lm: -0.000006 0.000431 1.000000 0.000000
lm: -0.017522 0.000816 0.161295 1.000000
scale: 1.000000 1.000000 1.000000
posebone: fingertip.l.002
lm: -0.718041 0.211506 0.663088 0.000000
lm: 0.249903 0.967526 -0.037999 0.000000
lm: -0.649591 0.138423 -0.747579 0.000000
lm: 7.926675 -1.797424 -1.830421 1.000000
scale: 1.000000 1.000000 1.000000
posebone: arm.l
lm: 0.820680 0.033018 -0.570435 0.000000
lm: 0.036638 0.993234 0.110201 0.000000
lm: 0.570214 -0.111339 0.813918 0.000000
lm: -0.756156 0.043517 1.119447 1.000000
scale: 1.000001 1.000001 1.000001
posebone: fingerbas.l.001
lm: -0.450611 0.131812 -0.882938 0.000000
lm: 0.360559 0.931655 -0.044928 0.000000
lm: 0.816671 -0.338595 -0.467339 0.000000
lm: 4.182080 -0.593412 4.744948 1.000000
scale: 1.000000 1.000000 1.000000
posebone: fingerbas.l.002
lm: -0.417640 0.046248 -0.907437 0.000000
lm: 0.287694 0.954052 -0.083785 0.000000
lm: 0.861865 -0.296055 -0.411755 0.000000
lm: 3.970314 -0.300049 4.763429 1.000000
scale: 1.000000 1.000000 0.999999
posebone: fingerbas.l.003
lm: -0.338971 -0.033976 -0.940185 0.000000
lm: 0.225684 0.967233 -0.116320 0.000000
lm: 0.913328 -0.251613 -0.320195 0.000000
lm: 3.547014 -0.031793 4.755193 1.000000
scale: 1.000001 1.000000 0.999999
posebone: finger.l
lm: -0.898779 0.380340 -0.218037 0.000000
lm: 0.392197 0.919802 -0.012205 0.000000
lm: 0.195909 -0.096483 -0.975866 0.000000
lm: 7.280502 -2.131954 2.629950 1.000000
scale: 1.000000 1.000000 1.000000
posebone: head
lm: 0.999993 0.003641 -0.000108 0.000000
lm: -0.003641 0.999992 -0.000429 0.000000
lm: 0.000106 0.000429 0.999998 0.000000
lm: 0.004135 -0.000133 0.161298 1.000000
scale: 0.999999 0.999999 0.999999
posebone: foot.l
lm: 0.999372 -0.030138 -0.018594 0.000000
lm: 0.028518 0.996226 -0.081971 0.000000
lm: 0.020994 0.081390 0.996460 0.000000
lm: 0.173763 0.270113 0.197165 1.000000
scale: 1.000000 1.000000 1.000000
posebone: finger.l.003
lm: -0.973410 0.121423 -0.194247 0.000000
lm: 0.139872 0.986584 -0.084216 0.000000
lm: 0.181415 -0.109146 -0.977332 0.000000
lm: 7.681296 -0.979865 2.556960 1.000000
scale: 1.000001 1.000000 1.000000
posebone: finger.l.002
lm: -0.957646 0.243991 -0.152922 0.000000
lm: 0.252966 0.966565 -0.041975 0.000000
lm: 0.137568 -0.078881 -0.987348 0.000000
lm: 7.665361 -1.569466 2.364448 1.000000
scale: 0.999999 1.000000 1.000000
posebone: finger.l.001
lm: -0.908439 0.362032 -0.208985 0.000000
lm: 0.373732 0.927362 -0.018075 0.000000
lm: 0.187261 -0.094524 -0.977754 0.000000
lm: 7.336619 -2.053821 2.598206 1.000000
scale: 0.999999 1.000000 1.000000
posebone: fingerbas.r
lm: -0.605946 -0.023765 0.795149 0.000000
lm: -0.028251 0.999565 0.008346 0.000000
lm: -0.795003 -0.017406 -0.606355 0.000000
lm: -4.950263 0.458862 4.518672 1.000000
scale: 1.000000 1.000000 1.000000
posebone: fingertip.r
lm: -0.758681 -0.091532 -0.645000 0.000000
lm: -0.137576 0.990261 0.021296 0.000000
lm: 0.636769 0.104893 -0.763885 0.000000
lm: -8.105164 -0.057996 -1.720111 1.000000
scale: 1.000000 1.000000 1.000000
posebone: fingerbas.l
lm: -0.330312 0.093596 -0.939221 0.000000
lm: 0.368485 0.928898 -0.037024 0.000000
lm: 0.868974 -0.358317 -0.341315 0.000000
lm: 3.556596 -0.388824 4.762054 1.000000
scale: 1.000000 1.000000 1.000000
posebone: finger.r.001
lm: -0.948351 0.030414 -0.315764 0.000000
lm: 0.016364 0.998757 0.047051 0.000000
lm: 0.316802 0.039454 -0.947669 0.000000
lm: -8.437402 0.593310 0.118791 1.000000
scale: 1.000000 1.000000 1.000000
posebone: fingertip.r.002
lm: -0.726260 0.255776 -0.638065 0.000000
lm: 0.250231 0.962885 0.101166 0.000000
lm: 0.640259 -0.086191 -0.763308 0.000000
lm: -8.014083 1.815507 -1.701609 1.000000
scale: 1.000000 1.000000 1.000000
posebone: fingertip.r.001
lm: -0.749327 0.035517 -0.661247 0.000000
lm: 0.003986 0.998783 0.049130 0.000000
lm: 0.662188 0.034179 -0.748556 0.000000
lm: -8.114710 0.626150 -1.829658 1.000000
scale: 1.000000 1.000000 1.000000
posebone: item.l
lm: 0.773010 -0.302355 -0.557710 0.000000
lm: 0.345896 0.937826 -0.029004 0.000000
lm: 0.531804 -0.170489 0.829531 0.000000
lm: -0.614296 0.991745 1.080316 1.000000
scale: 1.000000 1.000000 1.000000
posebone: foot.r
lm: 0.979545 -0.200783 0.013193 0.000000
lm: 0.201213 0.977091 -0.069279 0.000000
lm: 0.001019 0.070516 0.997508 0.000000
lm: -0.187560 0.176027 0.209906 1.000000
scale: 1.000000 1.000000 1.000000
posebone: shoulder.r
lm: 0.995473 -0.094620 -0.009038 0.000000
lm: 0.094665 0.995498 0.004703 0.000000
lm: 0.008552 -0.005537 0.999948 0.000000
lm: -0.033120 0.011182 0.158575 1.000000
scale: 1.000000 1.000000 1.000000
posebone: Bone
lm: 1.000000 0.000000 -0.000000 0.000000
lm: -0.000000 1.000000 0.000000 0.000000
lm: -0.000000 -0.000000 1.000000 0.000000
lm: -0.000000 -0.000044 0.161215 1.000000
scale: 1.000000 1.000000 1.000000
posebone: finger.r
lm: -0.951986 -0.095415 -0.290890 0.000000
lm: -0.109898 0.993366 0.033827 0.000000
lm: 0.285732 0.064172 -0.956157 0.000000
lm: -8.387557 -0.004972 0.253372 1.000000
scale: 1.000000 1.000000 1.000000
posebone: shin.l
lm: 0.999289 -0.017695 0.033275 0.000000
lm: 0.017657 0.999843 0.001409 0.000000
lm: -0.033295 -0.000820 0.999445 0.000000
lm: -0.077729 -0.127805 0.140501 1.000000
scale: 1.000000 0.999999 1.000000
posebone: thigh.l
lm: 0.999416 -0.031895 0.012220 0.000000
lm: 0.032406 0.998499 -0.044143 0.000000
lm: -0.010794 0.044513 0.998950 0.000000
lm: -0.023449 -0.003813 0.160618 1.000000
scale: 1.000000 1.000000 1.000000
posebone: wrist.r
lm: 0.802021 -0.059502 0.594324 0.000000
lm: 0.050156 0.998220 0.032255 0.000000
lm: -0.595185 0.003940 0.803577 0.000000
lm: 0.775262 0.267596 1.200525 1.000000
scale: 0.999999 0.999999 0.999998
posebone: fingerbas.r.002
lm: -0.625920 0.142124 0.766825 0.000000
lm: 0.187160 0.981894 -0.029216 0.000000
lm: -0.757096 0.125233 -0.641189 0.000000
lm: -5.144236 0.931522 4.473065 1.000000
scale: 1.000000 1.000000 1.000000
posebone: neck
lm: 0.999528 -0.030718 0.000019 0.000000
lm: 0.030718 0.999527 -0.000430 0.000000
lm: -0.000005 0.000430 0.999999 0.000000
lm: -0.004004 -0.000023 0.161297 1.000000
scale: 1.000000 0.999999 0.999999
posebone: fingerbas.r.001
lm: -0.624477 0.038485 0.780093 0.000000
lm: 0.050851 0.998668 -0.008561 0.000000
lm: -0.779386 0.034323 -0.625604 0.000000
lm: -5.075016 0.638567 4.493986 1.000000
scale: 1.000000 1.000000 1.000000
posebone: item.r
lm: 0.802021 -0.059502 0.594324 0.000000
lm: 0.050156 0.998220 0.032255 0.000000
lm: -0.595185 0.003940 0.803577 0.000000
lm: 0.775263 0.267596 1.200525 1.000000
scale: 1.000000 1.000000 1.000000
posebone: fingertip.r.003
lm: -0.686043 0.496412 -0.531903 0.000000
lm: 0.531934 0.841001 0.098804 0.000000
lm: 0.496378 -0.215153 -0.841021 0.000000
lm: -7.678809 3.144709 -1.067304 1.000000
scale: 1.000000 1.000000 1.000000
posebone: wrist.l
lm: 0.773010 -0.302355 -0.557710 0.000000
lm: 0.345896 0.937825 -0.029004 0.000000
lm: 0.531803 -0.170489 0.829530 0.000000
lm: -0.614295 0.991744 1.080316 1.000000
scale: 1.000000 1.000000 1.000000
posebone: shin.r
lm: 0.976438 -0.212208 -0.039141 0.000000
lm: 0.212882 0.976976 0.013909 0.000000
lm: 0.035288 -0.021914 0.999134 0.000000
lm: -0.032944 -0.267846 0.146518 1.000000
scale: 1.000000 1.000000 1.000000
posebone: thigh.r
lm: 0.981218 -0.190489 -0.030343 0.000000
lm: 0.186391 0.976841 -0.105046 0.000000
lm: 0.049651 0.097417 0.994002 0.000000
lm: 0.008243 0.044609 0.149166 1.000000
scale: 0.999997 0.999998 0.999998
frame: 2
posebone: thumb.l
lm: 0.841452 -0.101077 -0.530797 0.000000
lm: 0.243302 -0.806251 0.539227 0.000000
lm: -0.482458 -0.582876 -0.653829 0.000000
lm: -0.785154 1.092868 2.683677 1.000000
scale: 1.000000 1.000000 1.000000
posebone: finger.r.003
lm: -0.521799 0.043752 -0.851945 0.000000
lm: 0.353426 0.920029 -0.169218 0.000000
lm: 0.776410 -0.389398 -0.495534 0.000000
lm: -5.470959 1.070776 -3.880374 1.000000
scale: 1.000000 1.000000 1.000000
posebone: abs
lm: 0.982565 -0.185921 -0.000000 0.000000
lm: 0.185921 0.982565 -0.000000 0.000000
lm: -0.000000 -0.000000 1.000000 0.000000
lm: -0.034988 0.003281 0.320993 1.000000
scale: 1.000000 1.000000 1.000000
posebone: thumbbase.l
lm: 0.669231 -0.059722 -0.740653 0.000000
lm: 0.550634 -0.629432 0.548290 0.000000
lm: -0.498934 -0.774759 -0.388349 0.000000
lm: -0.001229 1.278059 3.094402 1.000000
scale: 1.000000 1.000000 1.000000
posebone: hand.l
lm: 0.253243 -0.310816 -0.916114 0.000000
lm: 0.786609 0.617402 0.007973 0.000000
lm: 0.563132 -0.722642 0.400843 0.000000
lm: -0.078803 2.299264 2.442904 1.000000
scale: 1.000000 1.000000 1.000001
posebone: pad.r
lm: 0.967807 -0.188832 0.166414 0.000000
lm: 0.124577 0.933880 0.335184 0.000000
lm: -0.218704 -0.303662 0.927340 0.000000
lm: 0.318693 0.515710 0.601475 1.000000
scale: 1.000000 1.000000 1.000000
posebone: finger.r.002
lm: -0.516574 -0.178337 -0.837465 0.000000
lm: 0.186184 0.931271 -0.313157 0.000000
lm: 0.835754 -0.317692 -0.447867 0.000000
lm: -5.487674 -0.044470 -3.873427 1.000000
scale: 1.000000 1.000000 1.000000
posebone: thumbtip.r
lm: 0.532886 -0.309709 0.787472 0.000000
lm: -0.841786 -0.288806 0.456055 0.000000
lm: 0.086182 -0.905908 -0.414610 0.000000
lm: 0.253796 0.471568 3.342201 1.000000
scale: 1.000000 1.000000 1.000000
posebone: pelvis
lm: 0.970951 -0.239279 -0.000000 0.000000
lm: 0.239279 0.970951 0.000000 0.000000
lm: -0.000000 -0.000000 1.000000 0.000000
lm: -0.045030 0.005467 0.320993 1.000000
scale: 1.000000 1.000000 1.000000
posebone: thumbbase.r
lm: 0.254370 -0.045015 0.966058 0.000000
lm: -0.955446 0.142948 0.258237 0.000000
lm: -0.149721 -0.988705 -0.006648 0.000000
lm: -0.508907 1.780710 3.354326 1.000000
scale: 1.000000 1.000000 1.000000
posebone: hand.r
lm: 0.252470 0.428934 0.867337 0.000000
lm: 0.068995 0.886113 -0.458303 0.000000
lm: -0.965141 0.175550 0.194122 0.000000
lm: 0.918433 1.809124 2.567948 1.000000
scale: 1.000000 1.000000 1.000000
posebone: thumb.r
lm: 0.486377 -0.201853 0.850113 0.000000
lm: -0.873330 -0.142413 0.465845 0.000000
lm: 0.027035 -0.969006 -0.245551 0.000000
lm: 0.152296 1.057954 3.322219 1.000000
scale: 1.000000 1.000000 1.000000
posebone: fingerbas.r.003
lm: -0.922851 0.369038 0.110244 0.000000
lm: 0.312974 0.885354 -0.343792 0.000000
lm: -0.224478 -0.282766 -0.932552 0.000000
lm: -5.507692 2.349018 1.232749 1.000000
scale: 1.000000 1.000000 1.000000
posebone: shoulder.l
lm: 0.982021 -0.186243 0.030795 0.000000
lm: 0.185982 0.982490 0.011144 0.000000
lm: -0.032331 -0.005216 0.999464 0.000000
lm: 0.022616 0.012637 0.313770 1.000000
scale: 1.000000 1.000000 1.000000
posebone: fingertip.l
lm: -0.174998 0.289608 0.941013 0.000000
lm: 0.820269 0.571505 -0.023344 0.000000
lm: -0.544553 0.767797 -0.337568 0.000000
lm: 3.590662 -2.758468 -4.638174 1.000000
scale: 1.000001 1.000000 1.000000
posebone: arm.r
lm: 0.145864 -0.388711 0.909741 0.000000
lm: 0.211333 0.910592 0.355190 0.000000
lm: -0.966470 0.140449 0.214970 0.000000
lm: 0.612735 -0.446796 2.629411 1.000000
scale: 1.000000 1.000000 1.000000
posebone: fingertip.l.003
lm: -0.361147 0.118560 0.924943 0.000000
lm: 0.594765 0.793232 0.130549 0.000000
lm: -0.718214 0.597269 -0.356988 0.000000
lm: 4.770837 -1.769882 -4.536592 1.000000
scale: 1.000000 1.000000 1.000000
posebone: thumbtip.l
lm: 0.899811 -0.033396 -0.435003 0.000000
lm: 0.174805 -0.885940 0.429601 0.000000
lm: -0.399733 -0.462599 -0.791340 0.000000
lm: -1.179629 0.595143 2.488028 1.000000
scale: 1.000000 1.000000 1.000000
posebone: fingertip.l.001
lm: -0.157135 0.236674 0.958800 0.000000
lm: 0.807369 0.589899 -0.013295 0.000000
lm: -0.568741 0.772015 -0.283777 0.000000
lm: 3.543450 -2.519506 -4.811264 1.000000
scale: 1.000000 1.000000 1.000000
posebone: pad.l
lm: 0.959440 -0.186243 -0.211634 0.000000
lm: 0.238303 0.936880 0.255867 0.000000
lm: 0.150623 -0.295923 0.943262 0.000000
lm: -0.262915 0.502024 0.649504 1.000000
scale: 1.000000 1.000000 1.000000
posebone: chest
lm: 0.982565 -0.185921 0.000000 0.000000
lm: 0.185921 0.982565 -0.000000 0.000000
lm: -0.000000 -0.000000 1.000000 0.000000
lm: -0.034988 0.003281 0.320993 1.000000
scale: 1.000000 1.000000 1.000000
posebone: fingertip.l.002
lm: -0.230467 0.169100 0.958276 0.000000
lm: 0.727009 0.684497 0.054059 0.000000
lm: -0.646796 0.709134 -0.280692 0.000000
lm: 4.016413 -2.139456 -4.818431 1.000000
scale: 1.000000 1.000000 1.000000
posebone: arm.l
lm: 0.356989 0.337951 -0.870833 0.000000
lm: 0.083877 0.916897 0.390212 0.000000
lm: 0.930337 -0.212344 0.298975 0.000000
lm: -0.850766 -0.231362 2.452620 1.000000
scale: 1.000001 1.000001 1.000001
posebone: fingerbas.l.001
lm: -0.538875 0.682190 -0.494201 0.000000
lm: 0.789547 0.613533 -0.014005 0.000000
lm: 0.293654 -0.397741 -0.869237 0.000000
lm: 3.816421 -2.561325 2.829388 1.000000
scale: 1.000000 1.000000 1.000000
posebone: fingerbas.l.002
lm: -0.569356 0.611390 -0.549581 0.000000
lm: 0.734515 0.678567 -0.006062 0.000000
lm: 0.369221 -0.407126 -0.835420 0.000000
lm: 3.825316 -2.248920 3.012614 1.000000
scale: 1.000000 1.000000 0.999999
posebone: fingerbas.l.003
lm: -0.564253 0.529724 -0.633257 0.000000
lm: 0.684523 0.728994 -0.000124 0.000000
lm: 0.461574 -0.433547 -0.773944 0.000000
lm: 3.649613 -1.857700 3.272011 1.000000
scale: 1.000001 1.000000 0.999999
posebone: finger.l
lm: -0.540794 0.769041 0.340764 0.000000
lm: 0.817042 0.576563 -0.004548 0.000000
lm: -0.199969 0.275959 -0.940139 0.000000
lm: 4.683407 -4.120691 -0.811664 1.000000
scale: 1.000000 1.000000 1.000000
posebone: head
lm: 0.999976 0.006837 0.000000 0.000000
lm: -0.006837 0.999975 0.000000 0.000000
lm: -0.000000 -0.000000 0.999998 0.000000
lm: 0.008645 -0.000543 0.320996 1.000000
scale: 0.999999 0.999999 0.999999
posebone: foot.l
lm: 0.998153 -0.060718 -0.001700 0.000000
lm: 0.060718 0.998154 0.000222 0.000000
lm: 0.001684 -0.000324 0.999998 0.000000
lm: 0.273037 -0.103693 0.477492 1.000000
scale: 1.000000 1.000000 1.000000
posebone: finger.l.003
lm: -0.737168 0.583004 0.341600 0.000000
lm: 0.639344 0.765416 0.073369 0.000000
lm: -0.218691 0.272485 -0.936979 0.000000
lm: 5.619894 -3.335727 -0.821493 1.000000
scale: 1.000001 1.000000 1.000000
posebone: finger.l.002
lm: -0.643282 0.655764 0.395177 0.000000
lm: 0.727611 0.684239 0.048991 0.000000
lm: -0.238268 0.319050 -0.917300 0.000000
lm: 5.216122 -3.713136 -1.103406 1.000000
scale: 0.999999 1.000000 1.000000
posebone: finger.l.001
lm: -0.555808 0.754416 0.349195 0.000000
lm: 0.805366 0.592778 0.001225 0.000000
lm: -0.206071 0.281911 -0.937051 0.000000
lm: 4.761000 -4.067451 -0.849166 1.000000
scale: 0.999999 1.000000 1.000000
posebone: fingerbas.r
lm: -0.969671 0.145098 0.196676 0.000000
lm: 0.022778 0.854853 -0.518367 0.000000
lm: -0.243343 -0.498167 -0.832233 0.000000
lm: -5.608288 1.756466 1.460040 1.000000
scale: 1.000000 1.000000 1.000000
posebone: fingertip.r
lm: -0.194621 -0.567986 -0.799695 0.000000
lm: -0.071075 0.821307 -0.566039 0.000000
lm: 0.978299 -0.053324 -0.200213 0.000000
lm: -4.207604 -2.232620 -4.131758 1.000000
scale: 1.000000 1.000000 1.000000
posebone: fingerbas.l
lm: -0.485224 0.627309 -0.609134 0.000000
lm: 0.796465 0.604571 -0.011838 0.000000
lm: 0.360839 -0.490897 -0.792981 0.000000
lm: 3.457278 -2.148951 3.195915 1.000000
scale: 1.000000 1.000000 1.000000
posebone: finger.r.001
lm: -0.541743 -0.377225 -0.751143 0.000000
lm: 0.033429 0.883261 -0.467685 0.000000
lm: 0.839878 -0.278475 -0.465891 0.000000
lm: -5.580456 -0.986283 -3.440338 1.000000
scale: 1.000000 1.000000 1.000000
posebone: fingertip.r.002
lm: -0.156260 -0.257253 -0.953627 0.000000
lm: 0.180411 0.941810 -0.283627 0.000000
lm: 0.971099 -0.216365 -0.100756 0.000000
lm: -4.054294 -0.588238 -5.021227 1.000000
scale: 1.000000 1.000000 1.000000
posebone: fingertip.r.001
lm: -0.170836 -0.463003 -0.869737 0.000000
lm: 0.022475 0.880652 -0.473229 0.000000
lm: 0.985042 -0.100392 -0.140040 0.000000
lm: -4.112534 -1.693677 -4.556787 1.000000
scale: 1.000000 1.000000 1.000000
posebone: item.l
lm: 0.253243 -0.310816 -0.916114 0.000000
lm: 0.786609 0.617402 0.007974 0.000000
lm: 0.563132 -0.722642 0.400843 0.000000
lm: -0.078803 2.299264 2.442904 1.000000
scale: 1.000000 1.000000 1.000000
posebone: foot.r
lm: 0.912722 -0.408403 -0.011906 0.000000
lm: 0.408434 0.912784 0.000274 0.000000
lm: 0.010756 -0.005113 0.999926 0.000000
lm: -0.347157 0.043162 0.468619 1.000000
scale: 1.000000 1.000000 1.000000
posebone: shoulder.r
lm: 0.981842 -0.188832 -0.018177 0.000000
lm: 0.189036 0.981917 0.010246 0.000000
lm: 0.015913 -0.013497 0.999783 0.000000
lm: -0.064108 0.026887 0.315758 1.000000
scale: 1.000000 1.000000 1.000000
posebone: Bone
lm: 1.000000 0.000000 -0.000000 0.000000
lm: -0.000000 1.000000 0.000000 0.000000
lm: -0.000000 -0.000000 1.000000 0.000000
lm: -0.000000 -0.000000 0.320993 1.000000
scale: 1.000000 1.000000 1.000000
posebone: finger.r
lm: -0.566382 -0.475871 -0.672871 0.000000
lm: -0.057132 0.837157 -0.543969 0.000000
lm: 0.822158 -0.269652 -0.501339 0.000000
lm: -5.655384 -1.429334 -3.020066 1.000000
scale: 1.000000 1.000000 1.000000
posebone: shin.l
lm: 0.993385 -0.048592 0.104043 0.000000
lm: 0.030921 0.985781 0.165162 0.000000
lm: -0.110589 -0.160852 0.980763 0.000000
lm: -0.240816 -0.864145 0.244646 1.000000
scale: 1.000000 0.999999 1.000000
posebone: thigh.l
lm: 0.993932 -0.090450 0.062592 0.000000
lm: 0.101843 0.971730 -0.212999 0.000000
lm: -0.041557 0.218081 0.975045 0.000000
lm: -0.076058 0.105181 0.290931 1.000000
scale: 1.000000 1.000000 1.000000
posebone: wrist.r
lm: 0.237224 0.239193 0.941547 0.000000
lm: 0.107088 0.956867 -0.270066 0.000000
lm: -0.965533 0.164894 0.201378 0.000000
lm: 0.854413 1.078006 2.818741 1.000000
scale: 0.999999 0.999999 0.999998
posebone: fingerbas.r.002
lm: -0.959303 0.270016 0.082622 0.000000
lm: 0.213408 0.884884 -0.414047 0.000000
lm: -0.184911 -0.379565 -0.906498 0.000000
lm: -5.707580 2.088369 1.081761 1.000000
scale: 1.000000 1.000000 1.000000
posebone: neck
lm: 0.998085 -0.061864 0.000000 0.000000
lm: 0.061864 0.998084 0.000000 0.000000
lm: -0.000000 -0.000000 0.999999 0.000000
lm: -0.008105 -0.000082 0.320995 1.000000
scale: 1.000000 0.999999 0.999999
posebone: fingerbas.r.001
lm: -0.971633 0.186960 0.144821 0.000000
lm: 0.095001 0.869367 -0.484947 0.000000
lm: -0.216569 -0.457433 -0.862469 0.000000
lm: -5.681263 1.865053 1.282979 1.000000
scale: 1.000000 1.000000 1.000000
posebone: item.r
lm: 0.252470 0.428934 0.867337 0.000000
lm: 0.068995 0.886113 -0.458303 0.000000
lm: -0.965141 0.175550 0.194122 0.000000
lm: 0.918433 1.809124 2.567948 1.000000
scale: 1.000000 1.000000 1.000000
posebone: fingertip.r.003
lm: -0.179003 0.006118 -0.983830 0.000000
lm: 0.395620 0.916018 -0.066284 0.000000
lm: 0.900800 -0.401088 -0.166390 0.000000
lm: -4.121485 0.919004 -5.093580 1.000000
scale: 1.000000 1.000000 1.000000
posebone: wrist.l
lm: 0.241578 -0.314453 -0.918021 0.000000
lm: 0.416720 0.887983 -0.194505 0.000000
lm: 0.876348 -0.335569 0.345556 0.000000
lm: -0.516025 1.616177 2.572613 1.000000
scale: 1.000000 1.000000 1.000000
posebone: shin.r
lm: 0.901489 -0.416317 -0.118295 0.000000
lm: 0.431269 0.887047 0.164773 0.000000
lm: 0.036336 -0.199558 0.979209 0.000000
lm: -0.243826 -0.868771 0.228378 1.000000
scale: 1.000000 1.000000 1.000000
posebone: thigh.r
lm: 0.922809 -0.380130 -0.062604 0.000000
lm: 0.359750 0.908412 -0.212985 0.000000
lm: 0.137833 0.174023 0.975045 0.000000
lm: 0.028966 0.080175 0.290924 1.000000
scale: 0.999997 0.999998 0.999998
frame: 3
posebone: thumb.l
lm: 0.547017 0.824161 -0.146746 0.000000
lm: 0.836182 -0.529628 0.142470 0.000000
lm: 0.039698 -0.200639 -0.978862 0.000000
lm: -0.266373 -1.686937 2.280047 1.000000
scale: 1.000000 1.000000 1.000000
posebone: finger.r.003
lm: -0.440870 -0.462925 -0.768981 0.000000
lm: -0.079378 0.873488 -0.480330 0.000000
lm: 0.894053 -0.150724 -0.421841 0.000000
lm: -4.808759 -2.266974 -2.969999 1.000000
scale: 1.000000 1.000000 1.000000
posebone: abs
lm: 0.982565 -0.184341 -0.024190 0.000000
lm: 0.185921 0.974213 0.127839 0.000000
lm: -0.000000 -0.130107 0.991500 0.000000
lm: -0.034988 -0.007761 0.296111 1.000000
scale: 1.000000 1.000000 1.000000
posebone: thumbbase.l
lm: 0.376641 0.853505 -0.360102 0.000000
lm: 0.902426 -0.250260 0.350714 0.000000
lm: 0.209217 -0.457057 -0.864482 0.000000
lm: 0.154830 -1.326209 2.994186 1.000000
scale: 1.000000 1.000000 1.000000
posebone: hand.l
lm: 0.273863 0.566540 -0.777197 0.000000
lm: 0.043447 0.799978 0.598456 0.000000
lm: 0.960789 -0.197662 0.194470 0.000000
lm: -0.751411 -0.521495 2.927179 1.000000
scale: 1.000000 1.000000 1.000001
posebone: pad.r
lm: 0.967807 -0.240002 0.075829 0.000000
lm: 0.124577 0.718543 0.684234 0.000000
lm: -0.218704 -0.652760 0.725309 0.000000
lm: 0.318693 0.573556 0.802039 1.000000
scale: 1.000000 1.000000 1.000000
posebone: finger.r.002
lm: -0.339148 -0.643024 -0.686657 0.000000
lm: -0.226429 0.764256 -0.603857 0.000000
lm: 0.913076 -0.049318 -0.404795 0.000000
lm: -4.332890 -3.211104 -2.614651 1.000000
scale: 1.000000 1.000000 1.000000
posebone: thumbtip.r
lm: 0.571431 0.223060 0.789753 0.000000
lm: -0.651784 -0.461380 0.601917 0.000000
lm: 0.498641 -0.858703 -0.118260 0.000000
lm: 0.195333 2.029034 3.495355 1.000000
scale: 1.000000 1.000000 1.000000
posebone: pelvis
lm: 0.970951 -0.238813 -0.014925 0.000000
lm: 0.239279 0.969060 0.060564 0.000000
lm: -0.000000 -0.062376 0.998053 0.000000
lm: -0.045030 -0.000225 0.309407 1.000000
scale: 1.000000 1.000000 1.000000
posebone: thumbbase.r
lm: 0.195609 0.382660 0.902943 0.000000
lm: -0.933128 -0.210607 0.291402 0.000000
lm: 0.301674 -0.899563 0.315875 0.000000
lm: -1.065442 2.804885 3.172526 1.000000
scale: 1.000000 1.000000 1.000000
posebone: hand.r
lm: -0.009519 0.749221 0.662251 0.000000
lm: -0.303718 0.628827 -0.715773 0.000000
lm: -0.952713 -0.207951 0.221566 0.000000
lm: 0.243616 3.194564 2.283135 1.000000
scale: 1.000000 1.000000 1.000000
posebone: thumb.r
lm: 0.478863 0.313857 0.819867 0.000000
lm: -0.745061 -0.348628 0.568631 0.000000
lm: 0.464298 -0.883148 0.066898 0.000000
lm: -0.152827 2.472420 3.303669 1.000000
scale: 1.000000 1.000000 1.000000
posebone: fingerbas.r.003
lm: -0.995510 -0.053645 0.077970 0.000000
lm: -0.090928 0.770679 -0.630701 0.000000
lm: -0.026256 -0.634960 -0.772098 0.000000
lm: -5.680826 0.436155 1.469805 1.000000
scale: 1.000000 1.000000 1.000000
posebone: shoulder.l
lm: 0.982021 -0.182786 -0.047158 0.000000
lm: 0.185982 0.894050 0.407535 0.000000
lm: -0.032331 -0.408979 0.911971 0.000000
lm: 0.022616 0.229816 0.335456 1.000000
scale: 1.000000 1.000000 1.000000
posebone: fingertip.l
lm: -0.204116 -0.539293 0.817008 0.000000
lm: 0.095471 0.819636 0.564879 0.000000
lm: -0.974281 0.193301 -0.115814 0.000000
lm: 4.467318 3.766772 -3.673044 1.000000
scale: 1.000001 1.000000 1.000000
posebone: arm.r
lm: 0.078921 -0.722648 0.686697 0.000000
lm: 0.137996 0.690132 0.710404 0.000000
lm: -0.987284 0.038696 0.154188 0.000000
lm: 0.581201 -1.121443 2.443482 1.000000
scale: 1.000000 1.000000 1.000000
posebone: fingertip.l.003
lm: -0.197536 -0.731700 0.652378 0.000000
lm: -0.196045 0.681535 0.705040 0.000000
lm: -0.960494 0.011376 -0.278073 0.000000
lm: 4.497694 4.942652 -2.674636 1.000000
scale: 1.000000 1.000000 1.000000
posebone: thumbtip.l
lm: 0.546589 0.837242 -0.016394 0.000000
lm: 0.837250 -0.546758 -0.008412 0.000000
lm: -0.016006 -0.009128 -0.999832 0.000000
lm: -0.172385 -2.061336 1.739113 1.000000
scale: 1.000000 1.000000 1.000000
posebone: fingertip.l.001
