# Blender3D v248 OBJ File: bruiser_robot.blend
# www.blender3d.org
armature Armature
armmat: 1.000000 0.000000 0.000000 0.000000
armmat: 0.000000 -0.000000 1.000000 0.000000
armmat: 0.000000 -1.000000 -0.000000 0.000000
armmat: 0.000000 0.000000 0.000000 1.000000
bonecount 36
bone: thumb.l
parent: hand.l
childcount 1
child: thumbtip.l
m: 0.726668 0.303005 -0.616555 0.000000
m: -0.303005 -0.664100 -0.683490 0.000000
m: -0.616556 0.683490 -0.390769 0.000000
m: 1.494259 0.072079 -0.372481 1.000000
bone: fingertip.r.001
parent: finger.r.001
m: 0.999703 0.017239 -0.017237 0.000000
m: -0.017239 0.000001 -0.999851 0.000000
m: -0.017237 0.999851 0.000298 0.000000
m: -1.907469 0.259699 -0.671779 1.000000
bone: hand.l
parent: wrist.l
childcount 3
child: finger.l
child: finger.l.001
child: thumb.l
m: 0.420509 -0.761243 0.493640 0.000000
m: 0.761243 0.000001 -0.648466 0.000000
m: 0.493640 0.648466 0.579492 0.000000
m: 1.487558 0.154721 -0.267503 1.000000
bone: brow
parent: head
m: 1.000000 -0.000000 0.000000 0.000000
m: 0.000000 -0.913812 -0.406138 0.000000
m: 0.000000 0.406138 -0.913812 0.000000
m: -0.000000 -0.221541 1.169744 1.000000
bone: pelvis
parent: root
childcount 2
child: thigh.l
child: thigh.r
m: 1.000000 0.000000 -0.000000 0.000000
m: -0.000000 -0.177583 -0.984106 0.000000
m: -0.000000 0.984106 -0.177583 0.000000
m: -0.000000 0.189049 -0.168372 1.000000
bone: hand.r
parent: wrist.r
childcount 3
child: finger.r
child: finger.r.001
child: thumb.r
m: 0.420509 0.761243 -0.493640 0.000000
m: -0.761243 0.000001 -0.648466 0.000000
m: -0.493640 0.648466 0.579492 0.000000
m: -1.487558 0.154721 -0.267503 1.000000
bone: thumb.r
parent: hand.r
childcount 1
child: thumbtip.r
m: 0.726668 -0.303005 0.616555 0.000000
m: 0.303005 -0.664100 -0.683490 0.000000
m: 0.616556 0.683490 -0.390769 0.000000
m: -1.494259 0.072079 -0.372481 1.000000
bone: shoulder.l
parent: chest
childcount 1
child: pad.l
m: -0.014954 -0.982712 0.184537 0.000000
m: 0.982712 -0.048507 -0.178675 0.000000
m: 0.184537 0.178675 0.966448 0.000000
m: -0.000000 0.180188 0.844814 1.000000
bone: fingertip.l
parent: finger.l
m: 0.999703 -0.017239 0.017237 0.000000
m: 0.017239 0.000001 -0.999851 0.000000
m: 0.017236 0.999851 0.000298 0.000000
m: 1.907469 0.081014 -0.671780 1.000000
bone: jaw
parent: head
m: 1.000000 -0.000000 0.000000 0.000000
m: 0.000000 -0.918634 -0.395110 0.000000
m: 0.000000 0.395110 -0.918634 0.000000
m: -0.000000 -0.082708 0.965925 1.000000
bone: arm.r
parent: pad.r
childcount 1
child: wrist.r
m: 0.569925 0.655801 -0.495087 0.000000
m: -0.655801 -0.000000 -0.754934 0.000000
m: -0.495086 0.754934 0.430075 0.000000
m: -0.585195 0.154721 0.706333 1.000000
bone: thumbtip.l
parent: thumb.l
m: 0.990630 -0.077081 0.112741 0.000000
m: 0.077082 -0.365890 -0.927460 0.000000
m: 0.112741 0.927460 -0.356520 0.000000
m: 1.447354 -0.030724 -0.478285 1.000000
bone: fingertip.l.001
parent: finger.l.001
m: 0.999703 -0.017239 0.017237 0.000000
m: 0.017239 0.000001 -0.999851 0.000000
m: 0.017237 0.999851 0.000298 0.000000
m: 1.907469 0.259699 -0.671779 1.000000
bone: thumbtip.r
parent: thumb.r
m: 0.990630 0.077081 -0.112741 0.000000
m: -0.077082 -0.365890 -0.927460 0.000000
m: -0.112741 0.927460 -0.356520 0.000000
m: -1.447354 -0.030724 -0.478285 1.000000
bone: chest
parent: abdomen
childcount 3
child: neck
child: shoulder.l
child: shoulder.r
m: 1.000000 -0.000000 -0.000000 0.000000
m: 0.000000 -0.218860 0.975756 0.000000
m: -0.000000 -0.975756 -0.218860 0.000000
m: -0.000000 0.321975 0.212680 1.000000
bone: arm.l
parent: pad.l
childcount 1
child: wrist.l
m: 0.569925 -0.655801 0.495087 0.000000
m: 0.655801 -0.000000 -0.754934 0.000000
m: 0.495086 0.754934 0.430075 0.000000
m: 0.585195 0.154721 0.706333 1.000000
bone: fingertip.r
parent: finger.r
m: 0.999703 0.017239 -0.017237 0.000000
m: -0.017239 0.000001 -0.999851 0.000000
m: -0.017236 0.999851 0.000298 0.000000
m: -1.907469 0.081014 -0.671780 1.000000
bone: shoulder.r
parent: chest
childcount 1
child: pad.r
m: -0.014954 0.982712 -0.184537 0.000000
m: -0.982712 -0.048507 -0.178675 0.000000
m: -0.184537 0.178675 0.966448 0.000000
m: -0.000000 0.180188 0.844814 1.000000
bone: finger.l
parent: hand.l
childcount 1
child: fingertip.l
m: 0.607955 -0.626135 0.488206 0.000000
m: 0.626135 0.000001 -0.779715 0.000000
m: 0.488206 0.779715 0.392045 0.000000
m: 1.789090 0.081014 -0.524364 1.000000
bone: head
parent: neck
childcount 2
child: jaw
child: brow
m: 1.000000 -0.000000 0.000000 0.000000
m: 0.000000 -0.998169 -0.060493 0.000000
m: 0.000000 0.060493 -0.998169 0.000000
m: -0.000000 0.056125 1.033864 1.000000
bone: foot.l
parent: shin.l
m: 1.000000 0.000000 -0.000000 0.000000
m: 0.000000 -0.921566 -0.388221 0.000000
m: 0.000000 0.388221 -0.921566 0.000000
m: 0.486987 0.166713 -1.690096 1.000000
bone: pad.l
parent: shoulder.l
childcount 1
child: arm.l
m: 0.200000 -0.894427 -0.400000 0.000000
m: 0.894427 -0.000000 0.447214 0.000000
m: -0.400000 -0.447213 0.800000 0.000000
m: 0.515955 0.154721 0.751004 1.000000
bone: finger.l.001
parent: hand.l
childcount 1
child: fingertip.l.001
m: 0.607956 -0.626135 0.488206 0.000000
m: 0.626135 0.000001 -0.779715 0.000000
m: 0.488206 0.779715 0.392045 0.000000
m: 1.789090 0.259699 -0.524364 1.000000
bone: abdomen
parent: root
childcount 1
child: chest
m: 1.000000 -0.000000 -0.000000 0.000000
m: 0.000000 0.329373 0.944200 0.000000
m: -0.000000 -0.944200 0.329373 0.000000
m: -0.000000 0.189049 -0.168372 1.000000
bone: finger.r.001
parent: hand.r
childcount 1
child: fingertip.r.001
m: 0.607956 0.626135 -0.488206 0.000000
m: -0.626135 0.000001 -0.779715 0.000000
m: -0.488206 0.779715 0.392045 0.000000
m: -1.789090 0.259699 -0.524364 1.000000
bone: pad.r
parent: shoulder.r
childcount 1
child: arm.r
m: 0.200000 0.894427 0.400000 0.000000
m: -0.894427 -0.000000 0.447214 0.000000
m: 0.400000 -0.447213 0.800000 0.000000
m: -0.515955 0.154721 0.751004 1.000000
bone: foot.r
parent: shin.r
m: 1.000000 -0.000000 0.000000 0.000000
m: -0.000000 -0.921566 -0.388221 0.000000
m: -0.000000 0.388221 -0.921566 0.000000
m: -0.486987 0.166713 -1.690096 1.000000
bone: finger.r
parent: hand.r
childcount 1
child: fingertip.r
m: 0.607955 0.626135 -0.488206 0.000000
m: -0.626135 0.000001 -0.779715 0.000000
m: -0.488206 0.779715 0.392045 0.000000
m: -1.789090 0.081014 -0.524364 1.000000
bone: shin.l
parent: thigh.l
childcount 1
child: foot.l
m: 0.998836 -0.040016 0.026917 0.000000
m: 0.040015 0.376148 -0.925695 0.000000
m: 0.026917 0.925695 0.377312 0.000000
m: 0.457854 -0.107143 -1.016140 1.000000
bone: thigh.l
parent: pelvis
childcount 1
child: shin.l
m: 0.870179 -0.299562 0.391217 0.000000
m: 0.299562 -0.308759 -0.902735 0.000000
m: 0.391217 0.902735 -0.178938 0.000000
m: 0.239266 0.118156 -0.357422 1.000000
bone: wrist.r
parent: arm.r
childcount 1
child: hand.r
m: 0.475453 0.724256 -0.499397 0.000000
m: -0.724256 0.000001 -0.689531 0.000000
m: -0.499397 0.689531 0.524547 0.000000
m: -1.161457 0.154721 0.042963 1.000000
bone: neck
parent: chest
childcount 1
child: head
m: 1.000000 0.000000 0.000000 0.000000
m: -0.000000 -0.548655 0.836049 0.000000
m: 0.000000 -0.836049 -0.548655 0.000000
m: -0.000000 0.180188 0.844814 1.000000
bone: root
childcount 2
child: abdomen
child: pelvis
m: 1.000000 0.000000 0.000000 0.000000
m: -0.000000 -0.999971 0.007589 0.000000
m: 0.000000 -0.007589 -0.999971 0.000000
m: 0.000000 0.967507 -0.174280 1.000000
bone: wrist.l
parent: arm.l
childcount 1
child: hand.l
m: 0.475453 -0.724256 0.499397 0.000000
m: 0.724256 0.000001 -0.689531 0.000000
m: 0.499397 0.689531 0.524547 0.000000
m: 1.161457 0.154721 0.042963 1.000000
bone: shin.r
parent: thigh.r
childcount 1
child: foot.r
m: 0.998836 0.040016 -0.026917 0.000000
m: -0.040015 0.376148 -0.925695 0.000000
m: -0.026917 0.925695 0.377312 0.000000
m: -0.457854 -0.107143 -1.016140 1.000000
bone: thigh.r
parent: pelvis
childcount 1
child: shin.r
m: 0.870179 0.299562 -0.391217 0.000000
m: -0.299562 -0.308759 -0.902735 0.000000
m: -0.391217 0.902735 -0.178938 0.000000
m: -0.239266 0.118156 -0.357422 1.000000


framecount 16
frame: 1
posebone: thumb.l
lm: 0.218095 -0.216669 -0.951571 0.000000
lm: -0.375703 0.881256 -0.286768 0.000000
lm: 0.900712 0.420051 0.110795 0.000000
lm: 0.999359 0.298475 1.080167 1.000000
scale: 1.000000 1.000000 1.000000
posebone: fingertip.r.001
lm: -0.731236 0.259687 -0.630759 0.000000
lm: 0.616616 0.647060 -0.448441 0.000000
lm: 0.291685 -0.716853 -0.633279 0.000000
lm: -1.952126 -0.472435 -2.162611 1.000000
scale: 1.000000 1.000000 1.000000
posebone: hand.l
lm: 0.169379 -0.379741 -0.909454 0.000000
lm: -0.574164 0.711996 -0.404226 0.000000
lm: 0.801029 0.590643 -0.097436 0.000000
lm: 1.049329 0.617889 0.948137 1.000000
scale: 1.000000 1.000000 1.000000
posebone: brow
lm: 1.000000 0.000000 0.000000 0.000000
lm: 0.000000 0.990607 -0.136739 0.000000
lm: -0.000000 0.136738 0.990607 0.000000
lm: 0.000000 -0.094297 0.063326 1.000000
scale: 1.000000 1.000000 1.000000
posebone: pelvis
lm: 1.000000 0.000000 -0.000000 0.000000
lm: 0.000000 1.000000 0.000000 0.000000
lm: -0.000000 0.000000 1.000000 0.000000
lm: 0.000000 0.000000 0.000000 1.000000
scale: 1.000000 1.000000 1.000000
posebone: hand.r
lm: 0.180531 0.438224 0.880549 0.000000
lm: 0.616616 0.647059 -0.448442 0.000000
lm: -0.766286 0.623919 -0.153402 0.000000
lm: -0.974709 0.685960 0.852810 1.000000
scale: 1.000000 1.000000 1.000000
posebone: thumb.r
lm: 0.218558 0.305203 0.926867 0.000000
lm: 0.378937 0.848745 -0.368834 0.000000
lm: -0.899244 0.431837 0.069847 0.000000
lm: -0.950279 0.401108 0.999438 1.000000
scale: 1.000000 1.000000 1.000000
posebone: shoulder.l
lm: 1.000000 -0.000000 -0.000000 0.000000
lm: 0.000000 0.990607 -0.136739 0.000000
lm: 0.000000 0.136739 0.990607 0.000000
lm: -0.000000 -0.094297 0.063326 1.000000
scale: 1.000000 1.000000 1.000000
posebone: fingertip.l
lm: -0.722200 -0.207846 0.659717 0.000000
lm: -0.574163 0.711997 -0.404225 0.000000
lm: -0.385700 -0.670717 -0.633541 0.000000
lm: 1.901447 -0.491882 -2.216942 1.000000
scale: 1.000000 1.000000 1.000000
posebone: jaw
lm: 1.000000 0.000000 0.000000 0.000000
lm: 0.000000 0.990607 -0.136739 0.000000
lm: -0.000000 0.136738 0.990607 0.000000
lm: -0.000000 -0.094297 0.063326 1.000000
scale: 1.000000 1.000000 1.000000
posebone: arm.r
lm: 0.962484 0.042379 0.268009 0.000000
lm: -0.018305 0.995619 -0.091696 0.000000
lm: -0.270721 0.083350 0.959043 0.000000
lm: 0.172097 -0.032563 0.235489 1.000000
scale: 1.000000 1.000000 1.000000
posebone: thumbtip.l
lm: 0.547369 0.092663 -0.831745 0.000000
lm: -0.031667 0.995433 0.090059 0.000000
lm: 0.836292 -0.022956 0.547804 0.000000
lm: 0.502543 -0.357614 1.127328 1.000000
scale: 1.000000 1.000000 1.000000
posebone: fingertip.l.001
lm: -0.722200 -0.207846 0.659718 0.000000
lm: -0.574163 0.711997 -0.404225 0.000000
lm: -0.385700 -0.670717 -0.633541 0.000000
lm: 1.901446 -0.491882 -2.216942 1.000000
scale: 1.000000 1.000000 1.000000
posebone: thumbtip.r
lm: 0.518175 0.020812 0.855021 0.000000
lm: 0.012083 0.999426 -0.031650 0.000000
lm: -0.855189 0.026731 0.517626 0.000000
lm: -0.506828 -0.199634 1.119977 1.000000
scale: 1.000000 1.000000 1.000000
posebone: chest
lm: 1.000000 -0.000000 -0.000000 0.000000
lm: 0.000000 0.990607 -0.136739 0.000000
lm: 0.000000 0.136738 0.990607 0.000000
lm: 0.000000 -0.094297 0.063326 1.000000
scale: 1.000000 1.000000 1.000000
posebone: arm.l
lm: 0.985695 0.004182 -0.168487 0.000000
lm: -0.013713 0.998368 -0.055445 0.000000
lm: 0.167980 0.056962 0.984143 0.000000
lm: -0.108157 -0.041597 0.153911 1.000000
scale: 1.000000 1.000000 1.000000
posebone: fingertip.r
lm: -0.731236 0.259686 -0.630760 0.000000
lm: 0.616615 0.647060 -0.448441 0.000000
lm: 0.291686 -0.716853 -0.633279 0.000000
lm: -1.952126 -0.472436 -2.162611 1.000000
scale: 1.000000 1.000000 1.000000
posebone: shoulder.r
lm: 1.000000 0.000000 0.000000 0.000000
lm: -0.000000 0.990607 -0.136739 0.000000
lm: -0.000000 0.136739 0.990607 0.000000
lm: 0.000000 -0.094297 0.063326 1.000000
scale: 1.000000 1.000000 1.000000
posebone: finger.l
lm: -0.662380 -0.694144 -0.281809 0.000000
lm: -0.574163 0.711997 -0.404225 0.000000
lm: 0.481238 -0.105946 -0.870164 0.000000
lm: 2.369733 0.815119 -0.579967 1.000000
scale: 1.000000 1.000000 1.000000
posebone: head
lm: 1.000000 0.000000 0.000000 0.000000
lm: 0.000000 0.990607 -0.136739 0.000000
lm: 0.000000 0.136738 0.990607 0.000000
lm: -0.000000 -0.094297 0.063326 1.000000
scale: 1.000000 1.000000 1.000000
posebone: foot.l
lm: 1.000000 -0.000000 -0.000000 0.000000
lm: -0.000000 1.000000 0.000000 0.000000
lm: -0.000000 0.000000 1.000000 0.000000
lm: -0.000000 0.000000 0.000000 1.000000
scale: 1.000000 1.000000 1.000000
posebone: pad.l
lm: 1.000000 -0.000000 -0.000000 0.000000
lm: 0.000000 0.990607 -0.136739 0.000000
lm: 0.000000 0.136738 0.990607 0.000000
lm: -0.000000 -0.094297 0.063326 1.000000
scale: 1.000000 1.000000 1.000000
posebone: finger.l.001
lm: -0.662380 -0.694144 -0.281809 0.000000
lm: -0.574163 0.711997 -0.404225 0.000000
lm: 0.481238 -0.105946 -0.870164 0.000000
lm: 2.369733 0.815119 -0.579967 1.000000
scale: 1.000000 1.000000 1.000000
posebone: abdomen
lm: 1.000000 -0.000000 -0.000000 0.000000
lm: 0.000000 0.984785 0.173776 0.000000
lm: -0.000000 -0.173776 0.984785 0.000000
lm: -0.000000 -0.026383 -0.035414 1.000000
scale: 1.000000 1.000000 1.000000
posebone: finger.r.001
lm: -0.647992 0.740636 0.177667 0.000000
lm: 0.616616 0.647060 -0.448441 0.000000
lm: -0.447093 -0.181034 -0.875976 0.000000
lm: -2.289638 0.804913 -0.783602 1.000000
scale: 1.000000 1.000000 1.000000
posebone: pad.r
lm: 1.000000 0.000000 0.000000 0.000000
lm: -0.000000 0.990607 -0.136739 0.000000
lm: -0.000000 0.136738 0.990607 0.000000
lm: 0.000000 -0.094297 0.063326 1.000000
scale: 1.000000 1.000000 1.000000
posebone: foot.r
lm: 1.000000 0.000000 0.000000 0.000000
lm: 0.000000 1.000000 0.000000 0.000000
lm: 0.000000 0.000000 1.000000 0.000000
lm: 0.000000 0.000000 0.000000 1.000000
scale: 1.000000 1.000000 1.000000
posebone: finger.r
lm: -0.647992 0.740636 0.177667 0.000000
lm: 0.616616 0.647059 -0.448441 0.000000
lm: -0.447093 -0.181033 -0.875976 0.000000
lm: -2.289638 0.804913 -0.783601 1.000000
scale: 1.000000 1.000000 1.000000
posebone: shin.l
lm: 1.000000 -0.000000 -0.000000 0.000000
lm: -0.000000 1.000000 0.000000 0.000000
lm: -0.000000 0.000000 1.000000 0.000000
lm: -0.000000 0.000000 -0.000000 1.000000
scale: 1.000000 1.000000 1.000000
posebone: thigh.l
lm: 1.000000 -0.000000 -0.000000 0.000000
lm: -0.000000 1.000000 0.000000 0.000000
lm: -0.000000 0.000000 1.000000 0.000000
lm: -0.000000 0.000000 0.000000 1.000000
scale: 1.000000 1.000000 1.000000
posebone: wrist.r
lm: 0.660988 0.171043 0.730643 0.000000
lm: 0.014911 0.970490 -0.240680 0.000000
lm: -0.750249 0.169982 0.638931 0.000000
lm: -0.162615 0.117040 0.809623 1.000000
scale: 1.000000 1.000000 1.000000
posebone: neck
lm: 1.000000 0.000000 0.000000 0.000000
lm: 0.000000 0.990607 -0.136739 0.000000
lm: 0.000000 0.136738 0.990607 0.000000
lm: -0.000000 -0.094297 0.063326 1.000000
scale: 1.000000 1.000000 1.000000
posebone: root
lm: 1.000000 -0.000000 -0.000000 0.000000
lm: 0.000000 1.000000 -0.000000 0.000000
lm: 0.000000 -0.000000 1.000000 0.000000
lm: 0.000000 -0.000000 0.000000 1.000000
scale: 1.000000 1.000000 1.000000
posebone: wrist.l
lm: 0.616152 -0.202396 -0.761178 0.000000
lm: 0.000386 0.966497 -0.256678 0.000000
lm: 0.787627 0.157859 0.595587 0.000000
lm: 0.292248 0.198931 0.890125 1.000000
scale: 1.000000 1.000000 1.000000
posebone: shin.r
lm: 1.000000 0.000000 0.000000 0.000000
lm: 0.000000 1.000000 0.000000 0.000000
lm: 0.000000 0.000000 1.000000 0.000000
lm: 0.000000 0.000000 -0.000000 1.000000
scale: 1.000000 1.000000 1.000000
posebone: thigh.r
lm: 1.000000 0.000000 0.000000 0.000000
lm: 0.000000 1.000000 0.000000 0.000000
lm: 0.000000 0.000000 1.000000 0.000000
lm: 0.000000 0.000000 0.000000 1.000000
scale: 1.000000 1.000000 1.000000
frame: 2
posebone: thumb.l
lm: 0.179958 -0.256815 -0.949558 0.000000
lm: -0.370466 0.876547 -0.307279 0.000000
lm: 0.911246 0.407077 0.062601 0.000000
lm: 1.032571 0.323554 1.060254 1.000000
scale: 1.000000 1.000000 1.000000
posebone: fingertip.r.001
lm: -0.712049 0.217953 -0.667444 0.000000
lm: 0.620245 0.640766 -0.452455 0.000000
lm: 0.329062 -0.736150 -0.591440 0.000000
lm: -1.850362 -0.597086 -2.184361 1.000000
scale: 1.000000 1.000000 1.000000
posebone: hand.l
lm: 0.129973 -0.417226 -0.899461 0.000000
lm: -0.575921 0.706669 -0.411018 0.000000
lm: 0.807108 0.571440 -0.148441 0.000000
lm: 1.083281 0.636715 0.914264 1.000000
scale: 1.000000 1.000000 1.000000
posebone: brow
lm: 1.000000 0.000000 0.000000 0.000000
lm: -0.000000 0.993074 -0.117493 0.000000
lm: -0.000000 0.117493 0.993074 0.000000
lm: 0.000000 -0.078299 0.048839 1.000000
scale: 1.000000 1.000000 1.000000
posebone: pelvis
lm: 1.000000 0.000000 -0.000000 0.000000
lm: 0.000000 1.000000 0.000000 0.000000
lm: -0.000000 0.000000 1.000000 0.000000
lm: 0.000000 0.000000 -0.007204 1.000000
scale: 1.000000 1.000000 1.000000
posebone: hand.r
lm: 0.138909 0.477971 0.867322 0.000000
lm: 0.620246 0.640765 -0.452455 0.000000
lm: -0.772010 0.600804 -0.207451 0.000000
lm: -1.009135 0.705335 0.813309 1.000000
scale: 1.000000 1.000000 1.000000
posebone: thumb.r
lm: 0.177759 0.347808 0.920560 0.000000
lm: 0.375876 0.840534 -0.390154 0.000000
lm: -0.909461 0.415370 0.018680 0.000000
lm: -0.984667 0.427368 0.972599 1.000000
scale: 1.000000 1.000000 1.000000
posebone: shoulder.l
lm: 1.000000 -0.000000 -0.000000 0.000000
lm: 0.000000 0.991576 -0.129532 0.000000
lm: 0.000000 0.129532 0.991575 0.000000
lm: -0.000000 -0.089228 0.052951 1.000000
scale: 1.000000 1.000000 1.000000
posebone: fingertip.l
lm: -0.701501 -0.169028 0.692334 0.000000
lm: -0.575920 0.706670 -0.411017 0.000000
lm: -0.419778 -0.687058 -0.593075 0.000000
lm: 1.801715 -0.608606 -2.233505 1.000000
scale: 1.000000 1.000000 1.000000
posebone: jaw
lm: 1.000000 0.000000 0.000000 0.000000
lm: -0.000000 0.993673 -0.112311 0.000000
lm: -0.000000 0.112311 0.993673 0.000000
lm: 0.000000 -0.073115 0.049939 1.000000
scale: 1.000000 1.000000 1.000000
posebone: arm.r
lm: 0.958362 0.059305 0.279332 0.000000
lm: -0.030216 0.993766 -0.107318 0.000000
lm: -0.283955 0.094409 0.954178 0.000000
lm: 0.180875 -0.030053 0.239392 1.000000
scale: 1.000000 1.000000 1.000000
posebone: thumbtip.l
lm: 0.518630 0.050656 -0.853496 0.000000
lm: -0.011180 0.998560 0.052473 0.000000
lm: 0.854925 -0.017672 0.518450 0.000000
lm: 0.526494 -0.320869 1.150297 1.000000
scale: 1.000000 1.000000 1.000000
posebone: fingertip.l.001
lm: -0.701501 -0.169028 0.692334 0.000000
lm: -0.575920 0.706670 -0.411017 0.000000
lm: -0.419778 -0.687058 -0.593075 0.000000
lm: 1.801715 -0.608606 -2.233505 1.000000
scale: 1.000000 1.000000 1.000000
posebone: thumbtip.r
lm: 0.485332 0.067045 0.871755 0.000000
lm: -0.006196 0.997295 -0.073251 0.000000
lm: -0.874308 0.030150 0.484434 0.000000
lm: -0.534426 -0.158424 1.134461 1.000000
scale: 1.000000 1.000000 1.000000
posebone: chest
lm: 1.000000 -0.000000 -0.000000 0.000000
lm: 0.000000 0.991575 -0.129532 0.000000
lm: 0.000000 0.129532 0.991575 0.000000
lm: 0.000000 -0.089228 0.052951 1.000000
scale: 1.000000 1.000000 1.000000
posebone: arm.l
lm: 0.983692 -0.011825 -0.179473 0.000000
lm: -0.000767 0.997552 -0.069929 0.000000
lm: 0.179861 0.068927 0.981274 0.000000
lm: -0.117379 -0.040425 0.156032 1.000000
scale: 1.000000 1.000000 1.000000
posebone: fingertip.r
lm: -0.712049 0.217952 -0.667445 0.000000
lm: 0.620245 0.640766 -0.452455 0.000000
lm: 0.329063 -0.736150 -0.591440 0.000000
lm: -1.850361 -0.597087 -2.184362 1.000000
scale: 1.000000 1.000000 1.000000
posebone: shoulder.r
lm: 1.000000 0.000000 0.000000 0.000000
lm: -0.000000 0.991576 -0.129532 0.000000
lm: -0.000000 0.129532 0.991575 0.000000
lm: 0.000000 -0.089228 0.052951 1.000000
scale: 1.000000 1.000000 1.000000
posebone: finger.l
lm: -0.683996 -0.691892 -0.231162 0.000000
lm: -0.575920 0.706670 -0.411017 0.000000
lm: 0.447734 -0.148003 -0.881832 0.000000
lm: 2.351102 0.750867 -0.665946 1.000000
scale: 1.000000 1.000000 1.000000
posebone: head
lm: 1.000000 0.000000 0.000000 0.000000
lm: -0.000000 0.993074 -0.117493 0.000000
lm: -0.000000 0.117493 0.993074 0.000000
lm: 0.000000 -0.078169 0.050090 1.000000
scale: 1.000000 1.000000 1.000000
posebone: foot.l
lm: 0.999999 0.001475 -0.000619 0.000000
lm: -0.001475 0.999999 -0.000882 0.000000
lm: 0.000617 0.000883 1.000000 0.000000
lm: 0.001585 -0.000535 -0.000538 1.000000
scale: 1.000000 1.000000 1.000000
posebone: pad.l
lm: 1.000000 -0.000000 -0.000000 0.000000
lm: 0.000000 0.991575 -0.129532 0.000000
lm: 0.000000 0.129532 0.991575 0.000000
lm: -0.000000 -0.089228 0.052951 1.000000
scale: 1.000000 1.000000 1.000000
posebone: finger.l.001
lm: -0.683996 -0.691892 -0.231162 0.000000
lm: -0.575920 0.706669 -0.411017 0.000000
lm: 0.447734 -0.148004 -0.881833 0.000000
lm: 2.351102 0.750867 -0.665947 1.000000
scale: 1.000000 1.000000 1.000000
posebone: abdomen
lm: 1.000000 -0.000000 -0.000000 0.000000
lm: 0.000000 0.986420 0.164245 0.000000
lm: -0.000000 -0.164246 0.986419 0.000000
lm: -0.000000 -0.025087 -0.040541 1.000000
scale: 1.000000 1.000000 1.000000
posebone: finger.r.001
lm: -0.668475 0.733575 0.122511 0.000000
lm: 0.620245 0.640765 -0.452455 0.000000
lm: -0.410410 -0.226468 -0.883332 0.000000
lm: -2.264008 0.728842 -0.873633 1.000000
scale: 1.000000 1.000000 1.000000
posebone: pad.r
lm: 1.000000 0.000000 0.000000 0.000000
lm: -0.000000 0.991575 -0.129532 0.000000
lm: -0.000000 0.129532 0.991575 0.000000
lm: 0.000000 -0.089228 0.052951 1.000000
scale: 1.000000 1.000000 1.000000
posebone: foot.r
lm: 0.999999 -0.001522 -0.000230 0.000000
lm: 0.001522 0.999998 -0.000902 0.000000
lm: 0.000232 0.000902 1.000000 0.000000
lm: -0.000158 -0.000526 -0.000948 1.000000
scale: 1.000000 1.000000 1.000000
posebone: finger.r
lm: -0.668475 0.733575 0.122511 0.000000
lm: 0.620245 0.640765 -0.452455 0.000000
lm: -0.410411 -0.226468 -0.883332 0.000000
lm: -2.264008 0.728843 -0.873632 1.000000
scale: 1.000000 1.000000 1.000000
posebone: shin.l
lm: 0.999995 0.001757 -0.002796 0.000000
lm: -0.001730 0.999952 0.009635 0.000000
lm: 0.002813 -0.009630 0.999950 0.000000
lm: 0.005340 -0.018434 -0.001316 1.000000
scale: 1.000000 1.000000 1.000000
posebone: thigh.l
lm: 0.999986 -0.002271 0.004871 0.000000
lm: 0.002325 0.999935 -0.011157 0.000000
lm: -0.004846 0.011169 0.999926 0.000000
lm: -0.002003 0.004543 -0.007078 1.000000
scale: 1.000000 1.000000 1.000000
posebone: wrist.r
lm: 0.629745 0.214969 0.746464 0.000000
lm: 0.005011 0.959802 -0.280634 0.000000
lm: -0.776786 0.180469 0.603353 0.000000
lm: -0.185075 0.152302 0.823835 1.000000
scale: 1.000000 1.000000 1.000000
posebone: neck
lm: 1.000000 0.000000 0.000000 0.000000
lm: 0.000000 0.992386 -0.123166 0.000000
lm: -0.000000 0.123166 0.992386 0.000000
lm: 0.000000 -0.083995 0.051119 1.000000
scale: 1.000000 1.000000 1.000000
posebone: root
lm: 1.000000 -0.000000 -0.000000 0.000000
lm: 0.000000 1.000000 -0.000000 0.000000
lm: 0.000000 -0.000000 1.000000 0.000000
lm: 0.000000 -0.000000 -0.007204 1.000000
scale: 1.000000 1.000000 1.000000
posebone: wrist.l
lm: 0.584791 -0.242732 -0.774016 0.000000
lm: 0.007880 0.955836 -0.293797 0.000000
lm: 0.811146 0.165710 0.560876 0.000000
lm: 0.317468 0.230060 0.899267 1.000000
scale: 1.000000 1.000000 1.000000
posebone: shin.r
lm: 0.999995 -0.001757 0.002796 0.000000
lm: 0.001730 0.999952 0.009635 0.000000
lm: -0.002813 -0.009630 0.999950 0.000000
lm: -0.005340 -0.018434 -0.001316 1.000000
scale: 1.000000 1.000000 1.000000
posebone: thigh.r
lm: 0.999986 0.002271 -0.004871 0.000000
lm: -0.002325 0.999935 -0.011157 0.000000
lm: 0.004846 0.011169 0.999926 0.000000
lm: 0.002003 0.004543 -0.007078 1.000000
scale: 1.000000 1.000000 1.000000
frame: 3
posebone: thumb.l
lm: 0.163773 -0.280819 -0.945684 0.000000
lm: -0.364100 0.873739 -0.322509 0.000000
lm: 0.916848 0.397142 0.040849 0.000000
lm: 1.050118 0.339572 1.035174 1.000000
scale: 1.000000 1.000000 1.000000
posebone: fingertip.r.001
lm: -0.705730 0.191792 -0.682026 0.000000
lm: 0.618406 0.636506 -0.460907 0.000000
lm: 0.345716 -0.747046 -0.567806 0.000000
lm: -1.813053 -0.669920 -2.197930 1.000000
scale: 1.000000 1.000000 1.000000
posebone: hand.l
lm: 0.112558 -0.439404 -0.891210 0.000000
lm: -0.572990 0.704063 -0.419499 0.000000
lm: 0.811797 0.557872 -0.172526 0.000000
lm: 1.102573 0.648638 0.881288 1.000000
scale: 1.000000 1.000000 1.000000
posebone: brow
lm: 1.000000 0.000000 0.000000 0.000000
lm: -0.000000 0.997377 -0.072387 0.000000
lm: -0.000000 0.072387 0.997376 0.000000
lm: 0.000000 -0.040430 0.016061 1.000000
scale: 1.000000 1.000000 1.000000
posebone: pelvis
lm: 1.000000 0.000000 -0.000000 0.000000
lm: 0.000000 1.000000 0.000000 0.000000
lm: -0.000000 0.000000 1.000000 0.000000
lm: 0.000000 0.000000 -0.024032 1.000000
scale: 1.000000 1.000000 1.000000
posebone: hand.r
lm: 0.121643 0.501902 0.856328 0.000000
lm: 0.618406 0.636505 -0.460907 0.000000
lm: -0.776387 0.585625 -0.232952 0.000000
lm: -1.027343 0.719833 0.775492 1.000000
scale: 1.000000 1.000000 1.000000
posebone: thumb.r
lm: 0.161352 0.373649 0.913428 0.000000
lm: 0.370841 0.834772 -0.406981 0.000000
lm: -0.914572 0.404405 -0.003873 0.000000
lm: -1.001635 0.446399 0.942255 1.000000
scale: 1.000000 1.000000 1.000000
posebone: shoulder.l
lm: 1.000000 -0.000000 0.000000 0.000000
lm: 0.000000 0.993631 -0.112688 0.000000
lm: 0.000000 0.112688 0.993630 0.000000
lm: -0.000000 -0.077344 0.028614 1.000000
scale: 1.000000 1.000000 1.000000
posebone: fingertip.l
lm: -0.693886 -0.144372 0.705464 0.000000
lm: -0.572989 0.704063 -0.419499 0.000000
lm: -0.436127 -0.695308 -0.571263 0.000000
lm: 1.762597 -0.677621 -2.246144 1.000000
scale: 1.000000 1.000000 1.000000
posebone: jaw
lm: 1.000000 0.000000 0.000000 0.000000
lm: -0.000000 0.998485 -0.055022 0.000000
lm: -0.000000 0.055021 0.998485 0.000000
lm: 0.000000 -0.023321 0.020615 1.000000
scale: 1.000000 1.000000 1.000000
posebone: arm.r
lm: 0.957742 0.068214 0.279422 0.000000
lm: -0.037718 0.992868 -0.113102 0.000000
lm: -0.285144 0.097783 0.953483 0.000000
lm: 0.182514 -0.026780 0.220551 1.000000
scale: 1.000000 1.000000 1.000000
posebone: thumbtip.l
lm: 0.507405 0.024585 -0.861356 0.000000
lm: 0.001544 0.999566 0.029438 0.000000
lm: 0.861706 -0.016267 0.507147 0.000000
lm: 0.537621 -0.296316 1.146958 1.000000
scale: 1.000000 1.000000 1.000000
posebone: fingertip.l.001
lm: -0.693886 -0.144372 0.705464 0.000000
lm: -0.572989 0.704063 -0.419499 0.000000
lm: -0.436127 -0.695307 -0.571263 0.000000
lm: 1.762597 -0.677621 -2.246144 1.000000
scale: 1.000000 1.000000 1.000000
posebone: thumbtip.r
lm: 0.472908 0.095555 0.875915 0.000000
lm: -0.017254 0.994916 -0.099222 0.000000
lm: -0.880943 0.031810 0.472152 0.000000
lm: -0.546543 -0.129389 1.125092 1.000000
scale: 1.000000 1.000000 1.000000
posebone: chest
lm: 1.000000 -0.000000 0.000000 0.000000
lm: 0.000000 0.993631 -0.112688 0.000000
lm: 0.000000 0.112688 0.993630 0.000000
lm: 0.000000 -0.077344 0.028614 1.000000
scale: 1.000000 1.000000 1.000000
posebone: arm.l
lm: 0.983664 -0.022114 -0.178651 0.000000
lm: 0.008520 0.997033 -0.076508 0.000000
lm: 0.179813 0.073736 0.980933 0.000000
lm: -0.118766 -0.037416 0.136530 1.000000
scale: 1.000000 1.000000 1.000000
posebone: fingertip.r
lm: -0.705730 0.191792 -0.682027 0.000000
lm: 0.618405 0.636506 -0.460907 0.000000
lm: 0.345716 -0.747046 -0.567806 0.000000
lm: -1.813052 -0.669921 -2.197930 1.000000
scale: 1.000000 1.000000 1.000000
posebone: shoulder.r
lm: 1.000000 0.000000 -0.000000 0.000000
lm: -0.000000 0.993631 -0.112688 0.000000
lm: -0.000000 0.112688 0.993630 0.000000
lm: 0.000000 -0.077344 0.028614 1.000000
scale: 1.000000 1.000000 1.000000
posebone: finger.l
lm: -0.695378 -0.688545 -0.205805 0.000000
lm: -0.572989 0.704063 -0.419499 0.000000
lm: 0.433744 -0.173786 -0.884118 0.000000
lm: 2.349805 0.710719 -0.718095 1.000000
scale: 1.000000 1.000000 1.000000
posebone: head
lm: 1.000000 0.000000 0.000000 0.000000
lm: -0.000000 0.997377 -0.072387 0.000000
lm: -0.000000 0.072387 0.997377 0.000000
lm: 0.000000 -0.040186 0.020249 1.000000
scale: 1.000000 1.000000 1.000000
posebone: foot.l
lm: 0.999985 0.005028 -0.002027 0.000000
lm: -0.005034 0.999983 -0.002857 0.000000
lm: 0.002012 0.002867 0.999994 0.000000
lm: 0.005043 -0.001903 -0.001145 1.000000
scale: 1.000000 1.000000 1.000000
posebone: pad.l
lm: 1.000000 -0.000000 -0.000000 0.000000
lm: 0.000000 0.993631 -0.112688 0.000000
lm: 0.000000 0.112688 0.993630 0.000000
lm: -0.000000 -0.077344 0.028614 1.000000
scale: 1.000000 1.000000 1.000000
posebone: finger.l.001
lm: -0.695378 -0.688545 -0.205805 0.000000
lm: -0.572989 0.704063 -0.419499 0.000000
lm: 0.433743 -0.173786 -0.884118 0.000000
lm: 2.349805 0.710719 -0.718096 1.000000
scale: 1.000000 1.000000 1.000000
posebone: abdomen
lm: 1.000000 -0.000000 -0.000000 0.000000
lm: 0.000000 0.989877 0.141929 0.000000
lm: -0.000000 -0.141929 0.989877 0.000000
lm: -0.000000 -0.021983 -0.052568 1.000000
scale: 1.000000 1.000000 1.000000
posebone: finger.r.001
lm: -0.678837 0.728150 0.094757 0.000000
lm: 0.618406 0.636506 -0.460907 0.000000
lm: -0.395923 -0.254282 -0.882375 0.000000
lm: -2.259972 0.684193 -0.927560 1.000000
scale: 1.000000 1.000000 1.000000
posebone: pad.r
lm: 1.000000 0.000000 0.000000 0.000000
lm: -0.000000 0.993631 -0.112688 0.000000
lm: -0.000000 0.112688 0.993630 0.000000
lm: 0.000000 -0.077344 0.028614 1.000000
scale: 1.000000 1.000000 1.000000
posebone: foot.r
lm: 0.999986 -0.005157 -0.000807 0.000000
lm: 0.005155 0.999982 -0.002923 0.000000
lm: 0.000822 0.002919 0.999996 0.000000
lm: -0.000272 -0.001879 -0.002511 1.000000
scale: 1.000000 1.000000 1.000000
posebone: finger.r
lm: -0.678837 0.728150 0.094757 0.000000
lm: 0.618406 0.636506 -0.460907 0.000000
lm: -0.395923 -0.254282 -0.882375 0.000000
lm: -2.259972 0.684194 -0.927559 1.000000
scale: 1.000000 1.000000 1.000000
posebone: shin.l
lm: 0.999939 0.006046 -0.009282 0.000000
lm: -0.005744 0.999464 0.032240 0.000000
lm: 0.009472 -0.032184 0.999437 0.000000
lm: 0.017791 -0.061552 -0.004404 1.000000
scale: 1.000000 1.000000 1.000000
posebone: thigh.l
lm: 0.999839 -0.007366 0.016354 0.000000
lm: 0.007970 0.999277 -0.037184 0.000000
lm: -0.016069 0.037309 0.999175 0.000000
lm: -0.006647 0.015183 -0.023847 1.000000
scale: 1.000000 1.000000 1.000000
posebone: wrist.r
lm: 0.617172 0.241972 0.748697 0.000000
lm: -0.002852 0.952221 -0.305398 0.000000
lm: -0.786823 0.186348 0.588374 0.000000
lm: -0.196885 0.177517 0.811032 1.000000
scale: 1.000000 1.000000 1.000000
posebone: neck
lm: 1.000000 0.000000 0.000000 0.000000
lm: 0.000000 0.995816 -0.091388 0.000000
lm: -0.000000 0.091388 0.995815 0.000000
lm: 0.000000 -0.059743 0.022930 1.000000
scale: 1.000000 1.000000 1.000000
posebone: root
lm: 1.000000 -0.000000 -0.000000 0.000000
lm: 0.000000 1.000000 -0.000000 0.000000
lm: 0.000000 -0.000000 1.000000 0.000000
lm: 0.000000 -0.000000 -0.024032 1.000000
scale: 1.000000 1.000000 1.000000
posebone: wrist.l
lm: 0.571123 -0.267689 -0.775991 0.000000
lm: 0.015321 0.948645 -0.315972 0.000000
lm: 0.820722 0.168570 0.545894 0.000000
lm: 0.331795 0.251220 0.886055 1.000000
scale: 1.000000 1.000000 1.000000
posebone: shin.r
lm: 0.999939 -0.006046 0.009282 0.000000
lm: 0.005744 0.999464 0.032240 0.000000
lm: -0.009472 -0.032184 0.999437 0.000000
lm: -0.017791 -0.061552 -0.004404 1.000000
scale: 1.000000 1.000000 1.000000
posebone: thigh.r
lm: 0.999839 0.007366 -0.016354 0.000000
lm: -0.007970 0.999277 -0.037184 0.000000
lm: 0.016069 0.037309 0.999175 0.000000
lm: 0.006647 0.015183 -0.023847 1.000000
scale: 1.000000 1.000000 1.000000
frame: 4
posebone: thumb.l
lm: 0.161147 -0.294240 -0.942048 0.000000
lm: -0.357163 0.872439 -0.333594 0.000000
lm: 0.920036 0.390223 0.035499 0.000000
lm: 1.057558 0.349573 1.009776 1.000000
scale: 1.000000 1.000000 1.000000
posebone: fingertip.r.001
lm: -0.707858 0.176620 -0.683916 0.000000
lm: 0.613453 0.633698 -0.471278 0.000000
lm: 0.350160 -0.753149 -0.556916 0.000000
lm: -1.815184 -0.708848 -2.208883 1.000000
scale: 1.000000 1.000000 1.000000
posebone: hand.l
lm: 0.108675 -0.451694 -0.885529 0.000000
lm: -0.567451 0.703224 -0.428342 0.000000
lm: 0.816204 0.549044 -0.179891 0.000000
lm: 1.112446 0.656206 0.851923 1.000000
scale: 1.000000 1.000000 1.000000
posebone: brow
lm: 1.000000 0.000000 0.000000 0.000000
lm: -0.000000 0.999864 -0.016486 0.000000
lm: -0.000000 0.016486 0.999864 0.000000
lm: 0.000000 0.007188 -0.022328 1.000000
scale: 1.000000 1.000000 1.000000
posebone: pelvis
lm: 1.000000 0.000000 -0.000000 0.000000
lm: 0.000000 1.000000 0.000000 0.000000
lm: -0.000000 0.000000 1.000000 0.000000
lm: 0.000000 0.000000 -0.044812 1.000000
scale: 1.000000 1.000000 1.000000
posebone: hand.r
lm: 0.119223 0.515604 0.848491 0.000000
lm: 0.613454 0.633698 -0.471278 0.000000
lm: -0.780680 0.576698 -0.240748 0.000000
lm: -1.035456 0.731026 0.742181 1.000000
scale: 1.000000 1.000000 1.000000
posebone: thumb.r
lm: 0.159883 0.388505 0.907469 0.000000
lm: 0.364596 0.831053 -0.420026 0.000000
lm: -0.917337 0.398015 -0.008776 0.000000
lm: -1.007666 0.460325 0.913020 1.000000
scale: 1.000000 1.000000 1.000000
posebone: shoulder.l
lm: 1.000000 -0.000000 0.000000 0.000000
lm: 0.000000 0.995774 -0.091843 0.000000
lm: 0.000000 0.091842 0.995773 0.000000
lm: -0.000000 -0.062587 -0.001649 1.000000
scale: 1.000000 1.000000 1.000000
posebone: fingertip.l
lm: -0.694762 -0.129707 0.707448 0.000000
lm: -0.567450 0.703224 -0.428342 0.000000
lm: -0.441936 -0.699037 -0.562175 0.000000
lm: 1.760576 -0.715348 -2.258414 1.000000
scale: 1.000000 1.000000 1.000000
posebone: jaw
lm: 1.000000 0.000000 0.000000 0.000000
lm: -0.000000 0.999873 0.015962 0.000000
lm: -0.000000 -0.015962 0.999873 0.000000
lm: 0.000000 0.038550 -0.011829 1.000000
scale: 1.000000 1.000000 1.000000
posebone: arm.r
lm: 0.959198 0.072027 0.273406 0.000000
lm: -0.042371 0.992706 -0.112872 0.000000
lm: -0.279542 0.096683 0.955253 0.000000
lm: 0.180128 -0.023381 0.190222 1.000000
scale: 1.000000 1.000000 1.000000
posebone: thumbtip.l
lm: 0.507263 0.009437 -0.861739 0.000000
lm: 0.009616 0.999816 0.016610 0.000000
lm: 0.861738 -0.016712 0.507079 0.000000
lm: 0.539991 -0.280673 1.129850 1.000000
scale: 1.000000 1.000000 1.000000
posebone: fingertip.l.001
lm: -0.694762 -0.129707 0.707448 0.000000
lm: -0.567450 0.703224 -0.428342 0.000000
lm: -0.441936 -0.699037 -0.562175 0.000000
lm: 1.760575 -0.715348 -2.258414 1.000000
scale: 1.000000 1.000000 1.000000
posebone: thumbtip.r
lm: 0.473299 0.112019 0.873750 0.000000
lm: -0.024219 0.993162 -0.114210 0.000000
lm: -0.880569 0.032894 0.472775 0.000000
lm: -0.548402 -0.109498 1.103931 1.000000
scale: 1.000000 1.000000 1.000000
posebone: chest
lm: 1.000000 -0.000000 0.000000 0.000000
lm: 0.000000 0.995774 -0.091843 0.000000
lm: 0.000000 0.091842 0.995773 0.000000
lm: -0.000000 -0.062587 -0.001648 1.000000
scale: 1.000000 1.000000 1.000000
posebone: arm.l
lm: 0.984777 -0.028463 -0.171477 0.000000
lm: 0.015222 0.996834 -0.078045 0.000000
lm: 0.173156 0.074247 0.982092 0.000000
lm: -0.115752 -0.033666 0.106228 1.000000
scale: 1.000000 1.000000 1.000000
posebone: fingertip.r
lm: -0.707858 0.176619 -0.683917 0.000000
lm: 0.613453 0.633698 -0.471278 0.000000
lm: 0.350161 -0.753149 -0.556915 0.000000
lm: -1.815184 -0.708849 -2.208883 1.000000
scale: 1.000000 1.000000 1.000000
posebone: shoulder.r
lm: 1.000000 0.000000 -0.000000 0.000000
lm: -0.000000 0.995774 -0.091843 0.000000
lm: -0.000000 0.091842 0.995773 0.000000
lm: 0.000000 -0.062587 -0.001649 1.000000
scale: 1.000000 1.000000 1.000000
posebone: finger.l
lm: -0.700985 -0.685495 -0.196764 0.000000
lm: -0.567450 0.703224 -0.428342 0.000000
lm: 0.431995 -0.188608 -0.881934 0.000000
lm: 2.359536 0.687698 -0.748466 1.000000
scale: 1.000000 1.000000 1.000000
posebone: head
lm: 1.000000 0.000000 0.000000 0.000000
lm: -0.000000 0.999864 -0.016486 0.000000
lm: -0.000000 0.016486 0.999864 0.000000
lm: 0.000000 0.007206 -0.014505 1.000000
scale: 1.000000 1.000000 1.000000
posebone: foot.l
lm: 0.999947 0.009611 -0.003670 0.000000
lm: -0.009630 0.999940 -0.005185 0.000000
lm: 0.003620 0.005221 0.999980 0.000000
lm: 0.008805 -0.003748 -0.000668 1.000000
scale: 1.000000 1.000000 1.000000
posebone: pad.l
lm: 1.000000 -0.000000 -0.000000 0.000000
lm: 0.000000 0.995774 -0.091843 0.000000
lm: 0.000000 0.091842 0.995773 0.000000
lm: -0.000000 -0.062587 -0.001649 1.000000
scale: 1.000000 1.000000 1.000000
posebone: finger.l.001
lm: -0.700986 -0.685495 -0.196763 0.000000
lm: -0.567450 0.703224 -0.428342 0.000000
lm: 0.431995 -0.188608 -0.881934 0.000000
lm: 2.359536 0.687697 -0.748467 1.000000
scale: 1.000000 1.000000 1.000000
posebone: abdomen
lm: 1.000000 -0.000000 -0.000000 0.000000
lm: 0.000000 0.993450 0.114272 0.000000
lm: -0.000000 -0.114272 0.993450 0.000000
lm: -0.000000 -0.018002 -0.067518 1.000000
scale: 1.000000 1.000000 1.000000
posebone: finger.r.001
lm: -0.683716 0.724823 0.084644 0.000000
lm: 0.613453 0.633698 -0.471277 0.000000
lm: -0.395231 -0.270294 -0.877914 0.000000
lm: -2.269872 0.661205 -0.958517 1.000000
scale: 1.000000 1.000000 1.000000
posebone: pad.r
lm: 1.000000 0.000000 0.000000 0.000000
lm: -0.000000 0.995774 -0.091843 0.000000
lm: -0.000000 0.091842 0.995773 0.000000
lm: 0.000000 -0.062587 -0.001649 1.000000
scale: 1.000000 1.000000 1.000000
posebone: foot.r
lm: 0.999951 -0.009785 -0.001618 0.000000
lm: 0.009776 0.999938 -0.005307 0.000000
lm: 0.001670 0.005291 0.999985 0.000000
lm: 0.000113 -0.003713 -0.003215 1.000000
scale: 1.000000 1.000000 1.000000
posebone: finger.r
lm: -0.683716 0.724823 0.084645 0.000000
lm: 0.613453 0.633698 -0.471277 0.000000
lm: -0.395231 -0.270294 -0.877914 0.000000
lm: -2.269872 0.661205 -0.958516 1.000000
scale: 1.000000 1.000000 1.000000
posebone: shin.l
lm: 0.999784 0.011683 -0.017175 0.000000
lm: -0.010628 0.998126 0.060257 0.000000
lm: 0.017847 -0.060061 0.998035 0.000000
lm: 0.033095 -0.114787 -0.008289 1.000000
scale: 1.000000 1.000000 1.000000
posebone: thigh.l
lm: 0.999440 -0.013243 0.030717 0.000000
lm: 0.015344 0.997484 -0.069216 0.000000
lm: -0.029723 0.069649 0.997129 0.000000
lm: -0.012303 0.028360 -0.045009 1.000000
scale: 1.000000 1.000000 1.000000
posebone: wrist.r
lm: 0.616398 0.257485 0.744147 0.000000
lm: -0.009773 0.947457 -0.319737 0.000000
lm: -0.787374 0.189813 0.586527 0.000000
lm: -0.201244 0.195020 0.784814 1.000000
scale: 1.000000 1.000000 1.000000
posebone: neck
lm: 1.000000 0.000000 0.000000 0.000000
lm: 0.000000 0.998646 -0.052017 0.000000
lm: -0.000000 0.052017 0.998646 0.000000
lm: 0.000000 -0.029459 -0.011251 1.000000
scale: 1.000000 1.000000 1.000000
posebone: root
lm: 1.000000 -0.000000 -0.000000 0.000000
lm: 0.000000 1.000000 -0.000000 0.000000
lm: 0.000000 -0.000000 1.000000 0.000000
lm: 0.000000 -0.000000 -0.044812 1.000000
scale: 1.000000 1.000000 1.000000
posebone: wrist.l
lm: 0.568653 -0.282221 -0.772648 0.000000
lm: 0.022852 0.944359 -0.328122 0.000000
lm: 0.822260 0.168931 0.543462 0.000000
lm: 0.338490 0.265114 0.861999 1.000000
scale: 1.000000 1.000000 1.000000
posebone: shin.r
lm: 0.999784 -0.011683 0.017175 0.000000
lm: 0.010628 0.998126 0.060257 0.000000
lm: -0.017847 -0.060061 0.998035 0.000000
lm: -0.033095 -0.114787 -0.008289 1.000000
scale: 1.000000 1.000000 1.000000
posebone: thigh.r
lm: 0.999440 0.013243 -0.030717 0.000000
lm: -0.015344 0.997484 -0.069216 0.000000
lm: 0.029723 0.069649 0.997129 0.000000
lm: 0.012303 0.028360 -0.045009 1.000000
scale: 1.000000 1.000000 1.000000
frame: 5
posebone: thumb.l
lm: 0.165821 -0.300904 -0.939127 0.000000
lm: -0.350386 0.872196 -0.341327 0.000000
lm: 0.921810 0.385656 0.039196 0.000000
lm: 1.058928 0.355442 0.986907 1.000000
scale: 1.000000 1.000000 1.000000
posebone: fingertip.r.001
lm: -0.714329 0.168718 -0.679167 0.000000
lm: 0.607132 0.632062 -0.481549 0.000000
lm: 0.348030 -0.756329 -0.553933 0.000000
lm: -1.837559 -0.726538 -2.217993 1.000000
scale: 1.000000 1.000000 1.000000
posebone: hand.l
lm: 0.112155 -0.457731 -0.881988 0.000000
lm: -0.560926 0.703490 -0.436423 0.000000
